0.2930 0.3334 0.3334 0.1365 0.2928 0.3332 0.3332 0.1363 0
0.1112 0.0953 0.1112 0.0001 0.1110 0.0951 0.1110 -0.0001 0
0.1718 0.0477 0.0742 0.0001 0.1716 0.0475 0.0740 -0.0001 0
0.3031 0.3811 0.1112 0.2728 0.3029 0.3809 0.1110 0.2726 0
0.0809 0.2620 0.0371 0.0910 0.0807 0.2618 0.0369 0.0908 0
0.0001 0.3096 0.1853 0.2274 -0.0001 0.3094 0.1851 0.2272 0
0.1314 0.1430 0.1112 0.0910 0.1312 0.1428 0.1110 0.0908 0
0.1011 0.0477 0.1112 0.0001 0.1009 0.0475 0.1110 -0.0001 0
0.3536 0.4049 0.7038 0.0001 0.3534 0.4047 0.7036 -0.0001 0
0.3435 0.0953 0.1482 0.0456 0.3433 0.0951 0.1480 0.0454 0
0.3132 0.5001 0.1853 0.6819 0.3130 0.4999 0.1851 0.6817 0
0.1516 0.2144 0.2594 0.0456 0.1514 0.2142 0.2592 0.0454 0
0.3637 0.4525 0.6297 0.0910 0.3635 0.4523 0.6295 0.0908 0
0.0809 0.0953 0.1112 0.0001 0.0807 0.0951 0.1110 -0.0001 0
0.1213 0.0477 0.0371 0.0001 0.1211 0.0475 0.0369 -0.0001 0
0.2526 0.2144 0.0742 0.1819 0.2524 0.2142 0.0740 0.1817 0
0.3738 0.7620 0.3334 0.1819 0.3736 0.7618 0.3332 0.1817 0
0.2728 0.3811 0.2594 0.3183 0.2726 0.3809 0.2592 0.3181 0
0.1617 0.1906 0.2223 0.0001 0.1615 0.1904 0.2221 -0.0001 0
0.1213 0.0477 0.0001 0.0456 0.1211 0.0475 -0.0001 0.0454 0
0.2223 0.1430 0.0742 0.0910 0.2221 0.1428 0.0740 0.0908 0
0.2425 0.3096 0.0742 0.0910 0.2423 0.3094 0.0740 0.0908 0
0.1819 0.1430 0.4075 0.0910 0.1817 0.1428 0.4073 0.0908 0
0.1112 0.0715 0.1112 0.0456 0.1110 0.0713 0.1110 0.0454 0
0.1819 0.4287 0.0371 0.0456 0.1817 0.4285 0.0369 0.0454 0
0.1314 0.3096 0.0371 0.0910 0.1312 0.3094 0.0369 0.0908 0
0.1718 0.0953 0.1112 0.0910 0.1716 0.0951 0.1110 0.0908 0
0.2223 0.4049 0.1112 0.2274 0.2221 0.4047 0.1110 0.2272 0
0.1920 0.3334 0.1853 0.0456 0.1918 0.3332 0.1851 0.0454 0
0.1415 0.0001 0.0742 0.0456 0.1413 -0.0001 0.0740 0.0454 0
0.2930 0.5239 0.2964 0.1365 0.2928 0.5237 0.2962 0.1363 0
0.3132 0.3096 0.1482 0.1365 0.3130 0.3094 0.1480 0.1363 0
0.1819 0.0715 0.0742 0.1365 0.1817 0.0713 0.0740 0.1363 0
0.1314 0.0477 0.0001 0.0456 0.1312 0.0475 -0.0001 0.0454 0
0.1718 0.1906 0.2594 0.1365 0.1716 0.1904 0.2592 0.1363 0
0.2728 0.0715 0.5557 0.0001 0.2726 0.0713 0.5555 -0.0001 0
0.1112 0.1430 0.1482 0.0910 0.1110 0.1428 0.1480 0.0908 0
1.0001 0.0001 0.0001 0.0001 0.9999 -0.0001 -0.0001 -0.0001 0
0.2829 0.2858 0.1112 0.1365 0.2827 0.2856 0.1110 0.1363 0
1.0001 0.0001 0.0001 0.0001 0.9999 -0.0001 -0.0001 -0.0001 0
0.4041 0.4763 0.1853 0.2728 0.4039 0.4761 0.1851 0.2726 0
0.2627 0.2858 0.1853 0.0456 0.2625 0.2856 0.1851 0.0454 0
0.2728 0.2620 0.1482 0.0001 0.2726 0.2618 0.1480 -0.0001 0
0.3233 0.4763 0.0742 0.4092 0.3231 0.4761 0.0740 0.4090 0
0.2223 0.3572 0.2223 0.0001 0.2221 0.3570 0.2221 -0.0001 0
0.2526 0.3096 0.1853 0.0910 0.2524 0.3094 0.1851 0.0908 0
0.2122 0.3811 0.2223 0.1819 0.2120 0.3809 0.2221 0.1817 0
0.3435 0.5953 0.5927 0.2274 0.3433 0.5951 0.5925 0.2272 0
0.2627 0.1906 0.1112 0.0910 0.2625 0.1904 0.1110 0.0908 0
0.1011 0.0953 0.0742 0.0456 0.1009 0.0951 0.0740 0.0454 0
0.1920 0.2620 0.0742 0.3637 0.1918 0.2618 0.0740 0.3635 0
0.1718 0.1430 0.2594 0.0456 0.1716 0.1428 0.2592 0.0454 0
0.1314 0.1668 0.0742 0.0456 0.1312 0.1666 0.0740 0.0454 0
0.1213 0.2382 0.2223 0.0001 0.1211 0.2380 0.2221 -0.0001 0
0.1819 0.1430 0.2223 0.0910 0.1817 0.1428 0.2221 0.0908 0
0.0809 0.0477 0.0001 0.0456 0.0807 0.0475 -0.0001 0.0454 0
0.2021 0.1430 0.1482 0.1365 0.2019 0.1428 0.1480 0.1363 0
0.2829 0.4049 0.1112 0.3183 0.2827 0.4047 0.1110 0.3181 0
0.1920 0.1430 0.1482 0.0001 0.1918 0.1428 0.1480 -0.0001 0
0.1819 0.2858 0.2964 0.0456 0.1817 0.2856 0.2962 0.0454 0
0.2930 0.4049 0.2594 0.2274 0.2928 0.4047 0.2592 0.2272 0
0.1920 0.2144 0.0742 0.1365 0.1918 0.2142 0.0740 0.1363 0
0.1516 0.0953 0.0371 0.2728 0.1514 0.0951 0.0369 0.2726 0
0.1920 0.2620 0.0742 0.1365 0.1918 0.2618 0.0740 0.1363 0
0.1819 0.2382 0.0742 0.2274 0.1817 0.2380 0.0740 0.2272 0
0.2021 0.0953 0.3334 0.2274 0.2019 0.0951 0.3332 0.2272 0
0.3132 0.4763 0.8890 0.3183 0.3130 0.4761 0.8888 0.3181 0
0.1314 0.1191 0.2223 0.0456 0.1312 0.1189 0.2221 0.0454 0
1.0001 0.0001 0.0001 0.0001 0.9999 -0.0001 -0.0001 -0.0001 0
0.1920 0.1430 0.2223 0.0456 0.1918 0.1428 0.2221 0.0454 0
0.2627 0.2382 0.4816 0.0910 0.2625 0.2380 0.4814 0.0908 0
0.1415 0.1430 0.0371 0.0910 0.1413 0.1428 0.0369 0.0908 0
0.1112 0.0953 0.1112 0.0001 0.1110 0.0951 0.1110 -0.0001 0
0.0001 0.2858 0.4075 0.1365 -0.0001 0.2856 0.4073 0.1363 0
0.2728 0.0953 0.4445 0.0910 0.2726 0.0951 0.4443 0.0908 0
0.2324 0.2620 0.2594 0.0001 0.2322 0.2618 0.2592 -0.0001 0
0.1516 0.3811 0.1853 0.0001 0.1514 0.3809 0.1851 -0.0001 0
1.0001 0.0001 0.0001 0.0001 0.9999 -0.0001 -0.0001 -0.0001 0
0.1516 0.0715 0.1853 0.0001 0.1514 0.0713 0.1851 -0.0001 0
0.1415 0.2144 0.1482 0.0456 0.1413 0.2142 0.1480 0.0454 0
0.0506 0.0477 0.1112 0.0001 0.0504 0.0475 0.1110 -0.0001 0
0.1516 0.4049 0.0001 0.1365 0.1514 0.4047 -0.0001 0.1363 0
0.2425 0.1191 0.0742 0.0910 0.2423 0.1189 0.0740 0.0908 0
0.3738 0.5953 1.0001 0.0910 0.3736 0.5951 0.9999 0.0908 0
0.1819 0.1906 0.0742 0.0910 0.1817 0.1904 0.0740 0.0908 0
0.1415 0.0953 0.2964 0.0456 0.1413 0.0951 0.2962 0.0454 0
0.3132 0.0715 0.1482 0.0910 0.3130 0.0713 0.1480 0.0908 0
0.3233 0.5953 0.4816 0.0001 0.3231 0.5951 0.4814 -0.0001 0
0.0607 0.0477 0.0742 0.0001 0.0605 0.0475 0.0740 -0.0001 0
0.2425 0.1430 0.0742 0.1365 0.2423 0.1428 0.0740 0.1363 0
0.2324 0.2858 0.1482 0.1365 0.2322 0.2856 0.1480 0.1363 0
0.2627 0.0477 0.0742 0.0910 0.2625 0.0475 0.0740 0.0908 0
0.1920 0.2858 0.1482 0.0910 0.1918 0.2856 0.1480 0.0908 0
0.2829 0.2620 0.1112 0.0456 0.2827 0.2618 0.1110 0.0454 0
1.0001 0.0001 0.0001 0.0001 0.9999 -0.0001 -0.0001 -0.0001 0
1.0001 0.0001 0.0001 0.0001 0.9999 -0.0001 -0.0001 -0.0001 0
0.2930 0.3572 0.2964 0.2274 0.2928 0.3570 0.2962 0.2272 0
0.1213 0.0953 0.0371 0.0910 0.1211 0.0951 0.0369 0.0908 0
0.2223 0.2858 0.3705 0.0001 0.2221 0.2856 0.3703 -0.0001 0
0.3132 0.4763 0.5927 0.0456 0.3130 0.4761 0.5925 0.0454 0
0.2122 0.1430 0.2594 0.0910 0.2120 0.1428 0.2592 0.0908 0
0.1415 0.0953 0.1112 0.0001 0.1413 0.0951 0.1110 -0.0001 0
0.2122 0.2382 0.2594 0.0910 0.2120 0.2380 0.2592 0.0908 0
0.1213 0.0953 0.1853 0.0001 0.1211 0.0951 0.1851 -0.0001 0
0.1415 0.2858 0.0742 0.0456 0.1413 0.2856 0.0740 0.0454 0
0.1920 0.1906 0.2223 0.0456 0.1918 0.1904 0.2221 0.0454 0
0.3637 0.7144 0.2223 0.2274 0.3635 0.7142 0.2221 0.2272 0
0.1617 0.1430 0.0742 0.0456 0.1615 0.1428 0.0740 0.0454 0
0.1617 0.2382 0.1112 0.1819 0.1615 0.2380 0.1110 0.1817 0
0.3031 0.4525 0.1482 0.3183 0.3029 0.4523 0.1480 0.3181 0
0.3132 0.4287 0.1853 0.2274 0.3130 0.4285 0.1851 0.2272 0
0.2930 0.5477 0.6297 0.0456 0.2928 0.5475 0.6295 0.0454 0
0.2526 0.1668 0.0742 0.0910 0.2524 0.1666 0.0740 0.0908 0
0.1112 0.0477 0.0371 0.0456 0.1110 0.0475 0.0369 0.0454 0
0.2728 0.3572 0.3705 0.1819 0.2726 0.3570 0.3703 0.1817 0
0.0405 0.0239 0.0742 0.0001 0.0403 0.0237 0.0740 -0.0001 0
0.2021 0.2382 0.2223 0.0910 0.2019 0.2380 0.2221 0.0908 0
1.0001 0.0001 0.0001 0.0001 0.9999 -0.0001 -0.0001 -0.0001 0
0.1920 0.1191 0.0742 0.0456 0.1918 0.1189 0.0740 0.0454 0
0.1516 0.0953 0.1112 0.1819 0.1514 0.0951 0.1110 0.1817 0
0.1920 0.2382 0.2594 0.0456 0.1918 0.2380 0.2592 0.0454 0
0.2122 0.0477 0.1112 0.0910 0.2120 0.0475 0.1110 0.0908 0
0.1314 0.0001 0.0001 0.0456 0.1312 -0.0001 -0.0001 0.0454 0
0.2324 0.3096 0.0742 0.0910 0.2322 0.3094 0.0740 0.0908 0
0.2324 0.4287 0.4075 0.0910 0.2322 0.4285 0.4073 0.0908 0
0.3738 0.6191 0.2594 0.5910 0.3736 0.6189 0.2592 0.5908 0
0.1213 0.2382 0.1112 0.0456 0.1211 0.2380 0.1110 0.0454 0
0.2324 0.2382 0.0001 0.3637 0.2322 0.2380 -0.0001 0.3635 0
0.1415 0.2382 0.1112 0.0910 0.1413 0.2380 0.1110 0.0908 0
0.2526 0.4525 0.1112 0.0456 0.2524 0.4523 0.1110 0.0454 0
0.1516 0.1430 0.1112 0.0456 0.1514 0.1428 0.1110 0.0454 0
0.0001 0.1668 0.0001 0.1365 -0.0001 0.1666 -0.0001 0.1363 0
0.1819 0.2858 0.1482 0.0456 0.1817 0.2856 0.1480 0.0454 0
0.2223 0.4287 0.2223 0.0456 0.2221 0.4285 0.2221 0.0454 0
0.1516 0.2382 0.0742 0.0910 0.1514 0.2380 0.0740 0.0908 0
0.1920 0.0477 0.0371 0.1819 0.1918 0.0475 0.0369 0.1817 0
0.3637 0.6430 0.0742 0.2728 0.3635 0.6428 0.0740 0.2726 0
0.2122 0.2620 0.2964 0.2274 0.2120 0.2618 0.2962 0.2272 0
0.0708 0.1191 0.0371 0.0001 0.0706 0.1189 0.0369 -0.0001 0
0.1516 0.1191 0.1482 0.0001 0.1514 0.1189 0.1480 -0.0001 0
0.2223 0.1906 0.1112 0.0456 0.2221 0.1904 0.1110 0.0454 0
0.0910 0.0477 0.0742 0.0456 0.0908 0.0475 0.0740 0.0454 0
0.3940 0.5477 0.7038 0.0910 0.3938 0.5475 0.7036 0.0908 0
0.1920 0.0953 0.1853 0.0001 0.1918 0.0951 0.1851 -0.0001 0
0.2324 0.5001 0.1112 0.2274 0.2322 0.4999 0.1110 0.2272 0
0.2223 0.2144 0.1482 0.1819 0.2221 0.2142 0.1480 0.1817 0
0.2930 0.8096 0.1482 0.0910 0.2928 0.8094 0.1480 0.0908 0
0.2627 0.1906 0.0742 0.1819 0.2625 0.1904 0.0740 0.1817 0
0.2425 0.3096 0.1853 0.0456 0.2423 0.3094 0.1851 0.0454 0
0.2021 0.3096 0.0371 0.0456 0.2019 0.3094 0.0369 0.0454 0
0.0001 0.1430 0.1112 0.0910 -0.0001 0.1428 0.1110 0.0908 0
0.2829 0.4287 0.1853 0.2274 0.2827 0.4285 0.1851 0.2272 0
0.1819 0.0953 0.2223 0.0001 0.1817 0.0951 0.2221 -0.0001 0
0.2627 0.5001 0.3705 0.0456 0.2625 0.4999 0.3703 0.0454 0
0.3233 0.6906 0.3334 0.0001 0.3231 0.6904 0.3332 -0.0001 0
0.1920 0.1906 0.1482 0.1365 0.1918 0.1904 0.1480 0.1363 0
0.1718 0.2144 0.1112 0.0910 0.1716 0.2142 0.1110 0.0908 0
0.1213 0.0477 0.0742 0.0001 0.1211 0.0475 0.0740 -0.0001 0
0.1819 0.1906 0.1482 0.0456 0.1817 0.1904 0.1480 0.0454 0
0.2728 0.4287 0.2594 0.0001 0.2726 0.4285 0.2592 -0.0001 0
0.1213 0.1668 0.0371 0.0001 0.1211 0.1666 0.0369 -0.0001 0
0.2728 0.1430 0.2594 0.0456 0.2726 0.1428 0.2592 0.0454 0
0.2526 0.5239 0.2223 0.1819 0.2524 0.5237 0.2221 0.1817 0
0.1819 0.2620 0.0742 0.0456 0.1817 0.2618 0.0740 0.0454 0
0.2526 0.3572 0.4075 0.0456 0.2524 0.3570 0.4073 0.0454 0
0.2930 0.2144 0.0371 0.3183 0.2928 0.2142 0.0369 0.3181 0
0.1718 0.2858 0.2594 0.0001 0.1716 0.2856 0.2592 -0.0001 0
0.2930 0.3811 0.2223 0.3183 0.2928 0.3809 0.2221 0.3181 0
0.1718 0.2382 0.0371 0.0910 0.1716 0.2380 0.0369 0.0908 0
0.2526 0.2858 0.2594 0.1365 0.2524 0.2856 0.2592 0.1363 0
0.1617 0.0477 0.3334 0.1819 0.1615 0.0475 0.3332 0.1817 0
0.1718 0.0953 0.0742 0.0456 0.1716 0.0951 0.0740 0.0454 0
0.0001 0.3334 0.2223 0.1365 -0.0001 0.3332 0.2221 0.1363 0
0.1213 0.0953 0.1853 0.1365 0.1211 0.0951 0.1851 0.1363 0
0.1314 0.2382 0.1112 0.0001 0.1312 0.2380 0.1110 -0.0001 0
0.1415 0.0953 0.0742 0.0910 0.1413 0.0951 0.0740 0.0908 0
0.1516 0.0953 0.0371 0.1819 0.1514 0.0951 0.0369 0.1817 0
0.2021 0.2620 0.3334 0.0910 0.2019 0.2618 0.3332 0.0908 0
0.1112 0.0001 0.1482 0.0456 0.1110 -0.0001 0.1480 0.0454 0
0.1617 0.0477 0.0742 0.0456 0.1615 0.0475 0.0740 0.0454 0
0.2728 0.2858 0.2964 0.1365 0.2726 0.2856 0.2962 0.1363 0
0.2122 0.3811 0.0371 0.0456 0.2120 0.3809 0.0369 0.0454 1
0.2324 0.0715 0.0371 0.5001 0.2322 0.0713 0.0369 0.4999 1
0.2021 0.3096 0.1112 0.1819 0.2019 0.3094 0.1110 0.1817 1
0.3435 0.5001 0.4075 0.0001 0.3433 0.4999 0.4073 -0.0001 1
0.1314 0.0715 0.1112 0.0456 0.1312 0.0713 0.1110 0.0454 1
0.2223 0.1668 0.2594 0.0910 0.2221 0.1666 0.2592 0.0908 1
0.1415 0.2620 0.2964 0.0456 0.1413 0.2618 0.2962 0.0454 1
0.2223 0.3572 0.0371 0.0001 0.2221 0.3570 0.0369 -0.0001 1
0.2930 0.2144 0.1482 0.0910 0.2928 0.2142 0.1480 0.0908 1
0.1617 0.1906 0.0742 0.0910 0.1615 0.1904 0.0740 0.0908 1
0.2526 0.5001 0.3334 0.1365 0.2524 0.4999 0.3332 0.1363 1
0.1415 0.0001 0.1112 0.0001 0.1413 -0.0001 0.1110 -0.0001 1
0.1314 0.1430 0.1482 0.0910 0.1312 0.1428 0.1480 0.0908 1
0.1213 0.0715 0.1112 0.0001 0.1211 0.0713 0.1110 -0.0001 1
0.1920 0.1906 0.2594 0.0001 0.1918 0.1904 0.2592 -0.0001 1
0.3536 0.4049 0.8149 0.1819 0.3534 0.4047 0.8147 0.1817 1
0.1718 0.2382 0.2223 0.0456 0.1716 0.2380 0.2221 0.0454 1
0.1415 0.2858 0.0371 0.0001 0.1413 0.2856 0.0369 -0.0001 1
0.2122 0.4287 0.2594 0.0456 0.2120 0.4285 0.2592 0.0454 1
0.1314 0.0953 0.1112 0.0910 0.1312 0.0951 0.1110 0.0908 1
0.2627 0.3334 0.1112 0.0910 0.2625 0.3332 0.1110 0.0908 1
0.2728 0.1430 0.1482 0.0910 0.2726 0.1428 0.1480 0.0908 1
0.1415 0.1906 0.0371 0.0456 0.1413 0.1904 0.0369 0.0454 1
0.2122 0.1191 0.0742 0.1365 0.2120 0.1189 0.0740 0.1363 1
0.2324 0.1668 0.2223 0.3183 0.2322 0.1666 0.2221 0.3181 1
0.2930 0.5239 0.5557 0.0001 0.2928 0.5237 0.5555 -0.0001 1
0.2122 0.1668 0.0742 0.1365 0.2120 0.1666 0.0740 0.1363 1
0.2324 0.2144 0.1853 0.0456 0.2322 0.2142 0.1851 0.0454 1
0.1819 0.1191 0.1482 0.0910 0.1817 0.1189 0.1480 0.0908 1
0.2627 0.1668 0.3334 0.0910 0.2625 0.1666 0.3332 0.0908 1
0.2122 0.2144 0.0742 0.0910 0.2120 0.2142 0.0740 0.0908 1
0.2324 0.1906 0.2594 0.0456 0.2322 0.1904 0.2592 0.0454 1
0.2122 0.3334 0.1482 0.0910 0.2120 0.3332 0.1480 0.0908 1
0.1112 0.2858 0.0742 0.0456 0.1110 0.2856 0.0740 0.0454 1
0.2526 0.3572 0.1112 0.2274 0.2524 0.3570 0.1110 0.2272 1
0.1516 0.1906 0.0371 0.1365 0.1514 0.1904 0.0369 0.1363 1
0.2324 0.5715 0.1112 0.1819 0.2322 0.5713 0.1110 0.1817 1
0.2829 0.6191 0.0742 0.4092 0.2827 0.6189 0.0740 0.4090 1
0.2324 0.2858 0.1482 0.0910 0.2322 0.2856 0.1480 0.0908 1
0.1415 0.1191 0.0371 0.1365 0.1413 0.1189 0.0369 0.1363 1
0.4041 0.6668 0.2223 0.3637 0.4039 0.6666 0.2221 0.3635 1
0.3031 0.2858 0.2594 0.1365 0.3029 0.2856 0.2592 0.1363 1
0.1819 0.2144 0.0742 0.0456 0.1817 0.2142 0.0740 0.0454 1
0.1516 0.0715 0.1853 0.1365 0.1514 0.0713 0.1851 0.1363 1
0.1617 0.1668 0.0001 0.3183 0.1615 0.1666 -0.0001 0.3181 1
0.2122 0.0477 0.1482 0.1819 0.2120 0.0475 0.1480 0.1817 1
0.2526 0.0715 0.1112 0.2728 0.2524 0.0713 0.1110 0.2726 1
0.1920 0.1906 0.2223 0.0910 0.1918 0.1904 0.2221 0.0908 1
0.3637 0.2620 0.2964 0.0001 0.3635 0.2618 0.2962 -0.0001 1
0.2223 0.2382 0.1112 0.0456 0.2221 0.2380 0.1110 0.0454 1
1.0001 0.0001 0.0001 0.0001 0.9999 -0.0001 -0.0001 -0.0001 1
0.1314 0.1430 0.0001 0.0456 0.1312 0.1428 -0.0001 0.0454 1
0.1314 0.1668 0.0001 0.0456 0.1312 0.1666 -0.0001 0.0454 1
1.0001 0.0001 0.0001 0.0001 0.9999 -0.0001 -0.0001 -0.0001 1
0.2223 0.4049 0.0371 0.0910 0.2221 0.4047 0.0369 0.0908 1
0.0506 0.0001 0.0371 0.0001 0.0504 -0.0001 0.0369 -0.0001 1
0.2021 0.1668 0.0742 0.0910 0.2019 0.1666 0.0740 0.0908 1
0.1718 0.3096 0.1853 0.0001 0.1716 0.3094 0.1851 -0.0001 1
0.2021 0.3334 0.1482 0.1819 0.2019 0.3332 0.1480 0.1817 1
0.0910 0.0239 0.2223 0.0456 0.0908 0.0237 0.2221 0.0454 1
0.2223 0.1191 0.1112 0.1365 0.2221 0.1189 0.1110 0.1363 1
0.2021 0.2144 0.1112 0.1365 0.2019 0.2142 0.1110 0.1363 1
0.2627 0.5239 0.0742 0.4092 0.2625 0.5237 0.0740 0.4090 1
0.2526 0.0001 0.1853 0.0910 0.2524 -0.0001 0.1851 0.0908 1
0.1011 0.0715 0.0371 0.0456 0.1009 0.0713 0.0369 0.0454 1
0.1920 0.1906 0.0001 0.2728 0.1918 0.1904 -0.0001 0.2726 1
0.2627 0.3096 0.4445 0.0456 0.2625 0.3094 0.4443 0.0454 1
0.2829 0.2858 0.3334 0.0456 0.2827 0.2856 0.3332 0.0454 1
0.1516 0.1191 0.0742 0.1819 0.1514 0.1189 0.0740 0.1817 1
0.1617 0.2858 0.1482 0.0456 0.1615 0.2856 0.1480 0.0454 1
0.3637 0.3572 0.2964 0.0456 0.3635 0.3570 0.2962 0.0454 1
0.3334 0.4525 0.0742 0.6365 0.3332 0.4523 0.0740 0.6363 1
0.2829 0.2858 0.5557 0.0910 0.2827 0.2856 0.5555 0.0908 1
0.2021 0.2382 0.1482 0.0910 0.2019 0.2380 0.1480 0.0908 1
0.3233 0.5953 0.1853 0.2728 0.3231 0.5951 0.1851 0.2726 1
0.1415 0.2382 0.1112 0.0910 0.1413 0.2380 0.1110 0.0908 1
0.2526 0.2144 0.1112 0.0910 0.2524 0.2142 0.1110 0.0908 1
0.2728 0.3334 0.3705 0.0910 0.2726 0.3332 0.3703 0.0908 1
0.3031 0.6430 0.2964 0.4092 0.3029 0.6428 0.2962 0.4090 1
0.1718 0.3096 0.1112 0.0910 0.1716 0.3094 0.1110 0.0908 1
0.3132 0.2858 0.1853 0.5001 0.3130 0.2856 0.1851 0.4999 1
0.1314 0.1430 0.0742 0.0910 0.1312 0.1428 0.0740 0.0908 1
0.1516 0.1430 0.0742 0.0910 0.1514 0.1428 0.0740 0.0908 1
0.2122 0.1668 0.2964 0.0456 0.2120 0.1666 0.2962 0.0454 1
0.3031 0.5477 0.9260 0.0910 0.3029 0.5475 0.9258 0.0908 1
0.1516 0.1668 0.0742 0.0910 0.1514 0.1666 0.0740 0.0908 1
0.4142 0.8334 0.1853 0.3183 0.4140 0.8332 0.1851 0.3181 1
0.1718 0.1906 0.0001 0.0001 0.1716 0.1904 -0.0001 -0.0001 1
0.2728 0.4525 0.3705 0.0001 0.2726 0.4523 0.3703 -0.0001 1
0.1819 0.1906 0.1112 0.0456 0.1817 0.1904 0.1110 0.0454 1
0.2021 0.1430 0.2594 0.0910 0.2019 0.1428 0.2592 0.0908 1
1.0001 0.0001 0.0001 0.0001 0.9999 -0.0001 -0.0001 -0.0001 1
0.1819 0.2858 0.0371 0.0910 0.1817 0.2856 0.0369 0.0908 1
0.2223 0.4763 0.0742 0.2274 0.2221 0.4761 0.0740 0.2272 1
0.2425 0.3334 0.1112 0.0456 0.2423 0.3332 0.1110 0.0454 1
0.1920 0.1906 0.2594 0.1365 0.1918 0.1904 0.2592 0.1363 1
0.1718 0.0953 0.0371 0.0456 0.1716 0.0951 0.0369 0.0454 1
0.1112 0.0477 0.0742 0.0001 0.1110 0.0475 0.0740 -0.0001 1
0.1819 0.1906 0.1482 0.0456 0.1817 0.1904 0.1480 0.0454 1
0.1718 0.0715 0.1853 0.0001 0.1716 0.0713 0.1851 -0.0001 1
0.1819 0.1430 0.1853 0.0910 0.1817 0.1428 0.1851 0.0908 1
0.1415 0.1430 0.0001 0.0910 0.1413 0.1428 -0.0001 0.0908 1
0.1920 0.3572 0.1112 0.0910 0.1918 0.3570 0.1110 0.0908 1
0.1819 0.1430 0.0001 0.1365 0.1817 0.1428 -0.0001 0.1363 1
0.1819 0.3334 0.0742 0.1365 0.1817 0.3332 0.0740 0.1363 1
0.0607 0.0001 0.0742 0.0456 0.0605 -0.0001 0.0740 0.0454 1
0.1718 0.0953 0.1853 0.0910 0.1716 0.0951 0.1851 0.0908 1
0.1112 0.0477 0.1112 0.1365 0.1110 0.0475 0.1110 0.1363 1
0.1112 0.0239 0.1112 0.0910 0.1110 0.0237 0.1110 0.0908 1
0.1718 0.0953 0.3334 0.0456 0.1716 0.0951 0.3332 0.0454 1
0.1213 0.0001 0.0371 0.0001 0.1211 -0.0001 0.0369 -0.0001 1
0.1617 0.2144 0.1112 0.2728 0.1615 0.2142 0.1110 0.2726 1
0.0304 0.0001 0.0371 0.0001 0.0302 -0.0001 0.0369 -0.0001 1
0.2122 0.4763 0.4445 0.0456 0.2120 0.4761 0.4443 0.0454 1
0.3233 0.5477 0.2223 0.3637 0.3231 0.5475 0.2221 0.3635 1
0.3536 0.6430 0.6668 0.0910 0.3534 0.6428 0.6666 0.0908 1
0.3536 0.5477 0.2964 0.2274 0.3534 0.5475 0.2962 0.2272 1
0.3031 0.5239 0.1853 0.0456 0.3029 0.5237 0.1851 0.0454 1
0.1516 0.2144 0.1112 0.1365 0.1514 0.2142 0.1110 0.1363 1
0.3637 0.6906 0.1853 0.0910 0.3635 0.6904 0.1851 0.0908 1
0.0001 0.4763 0.2223 0.0456 -0.0001 0.4761 0.2221 0.0454 1
0.2526 0.3334 0.2594 0.0001 0.2524 0.3332 0.2592 -0.0001 1
0.1415 0.1668 0.1853 0.0456 0.1413 0.1666 0.1851 0.0454 1
0.3132 0.3811 0.2223 0.0456 0.3130 0.3809 0.2221 0.0454 1
0.1718 0.1430 0.0371 0.0001 0.1716 0.1428 0.0369 -0.0001 1
0.1415 0.2144 0.0371 0.0456 0.1413 0.2142 0.0369 0.0454 1
0.1819 0.0477 0.1112 0.0456 0.1817 0.0475 0.1110 0.0454 1
0.2930 0.5001 0.2223 0.1819 0.2928 0.4999 0.2221 0.1817 1
0.1213 0.0953 0.1853 0.0456 0.1211 0.0951 0.1851 0.0454 1
0.2728 0.2858 0.3705 0.0456 0.2726 0.2856 0.3703 0.0454 1
0.1819 0.1430 0.1112 0.0910 0.1817 0.1428 0.1110 0.0908 1
0.3334 0.2620 0.1853 0.4546 0.3332 0.2618 0.1851 0.4544 1
1.0001 0.0001 0.0001 0.0001 0.9999 -0.0001 -0.0001 -0.0001 1
0.2526 0.4287 0.2223 0.0456 0.2524 0.4285 0.2221 0.0454 1
0.1415 0.0477 0.0371 0.0001 0.1413 0.0475 0.0369 -0.0001 1
0.2324 0.2144 0.0001 0.0910 0.2322 0.2142 -0.0001 0.0908 1
0.2021 0.1668 0.1482 0.0910 0.2019 0.1666 0.1480 0.0908 1
0.1920 0.0715 0.1112 0.0910 0.1918 0.0713 0.1110 0.0908 1
0.1617 0.3096 0.1112 0.0910 0.1615 0.3094 0.1110 0.0908 1
0.3839 0.2858 0.6668 0.2274 0.3837 0.2856 0.6666 0.2272 1
0.0910 0.0715 0.0371 0.0456 0.0908 0.0713 0.0369 0.0454 1
0.2930 0.1430 0.0001 0.1365 0.2928 0.1428 -0.0001 0.1363 1
1.0001 0.0001 0.0001 0.0001 0.9999 -0.0001 -0.0001 -0.0001 1
0.1819 0.2858 0.0001 0.1819 0.1817 0.2856 -0.0001 0.1817 1
0.1213 0.1430 0.0001 0.1365 0.1211 0.1428 -0.0001 0.1363 1
0.2627 0.1906 0.1853 0.0910 0.2625 0.1904 0.1851 0.0908 1
0.1920 0.0953 0.3705 0.0456 0.1918 0.0951 0.3703 0.0454 1
0.2324 0.3096 0.0742 0.3637 0.2322 0.3094 0.0740 0.3635 1
0.1819 0.2144 0.0001 0.0910 0.1817 0.2142 -0.0001 0.0908 1
0.2324 0.1906 0.4075 0.1365 0.2322 0.1904 0.4073 0.1363 1
0.3839 0.7144 0.3705 0.0910 0.3837 0.7142 0.3703 0.0908 1
0.3536 0.4763 0.3334 0.2274 0.3534 0.4761 0.3332 0.2272 1
0.1718 0.1191 0.2223 0.1365 0.1716 0.1189 0.2221 0.1363 1
0.2829 0.1191 0.6668 0.1365 0.2827 0.1189 0.6666 0.1363 1
0.2021 0.2620 0.0371 0.1365 0.2019 0.2618 0.0369 0.1363 1
0.1314 0.0477 0.0371 0.0001 0.1312 0.0475 0.0369 -0.0001 1
0.1819 0.2382 0.4075 0.1819 0.1817 0.2380 0.4073 0.1817 1
0.2526 0.0239 0.1482 0.0910 0.2524 0.0237 0.1480 0.0908 1
0.1112 0.0477 0.0371 0.0001 0.1110 0.0475 0.0369 -0.0001 1
0.1920 0.2144 0.2594 0.0001 0.1918 0.2142 0.2592 -0.0001 1
0.3132 0.4287 0.0371 0.2274 0.3130 0.4285 0.0369 0.2272 1
0.1819 0.1430 0.0742 0.0456 0.1817 0.1428 0.0740 0.0454 1
0.2021 0.2382 0.0001 0.1365 0.2019 0.2380 -0.0001 0.1363 1
0.1819 0.1430 0.0371 0.0456 0.1817 0.1428 0.0369 0.0454 1
0.1617 0.2620 0.0742 0.0001 0.1615 0.2618 0.0740 -0.0001 1
0.2223 0.1668 0.2964 0.3183 0.2221 0.1666 0.2962 0.3181 1
0.2223 0.3096 0.0001 0.1365 0.2221 0.3094 -0.0001 0.1363 1
0.2223 0.4763 0.1482 0.0456 0.2221 0.4761 0.1480 0.0454 1
0.1415 0.0239 0.0371 0.0001 0.1413 0.0237 0.0369 -0.0001 1
0.2829 0.3811 0.0742 0.0910 0.2827 0.3809 0.0740 0.0908 1
0.1718 0.0239 0.0371 0.1819 0.1716 0.0237 0.0369 0.1817 1
0.2021 0.3096 0.2223 0.0001 0.2019 0.3094 0.2221 -0.0001 1
0.0809 0.0953 0.0001 0.0001 0.0807 0.0951 -0.0001 -0.0001 1
0.3031 0.3811 0.3334 0.1365 0.3029 0.3809 0.3332 0.1363 1
0.2930 0.4049 0.1853 0.0910 0.2928 0.4047 0.1851 0.0908 1
0.1718 0.2382 0.2594 0.0456 0.1716 0.2380 0.2592 0.0454 1
0.3233 0.7144 0.4445 0.1365 0.3231 0.7142 0.4443 0.1363 1
0.2425 0.4763 0.1482 0.0910 0.2423 0.4761 0.1480 0.0908 1
1.0001 0.0001 0.0001 0.0001 0.9999 -0.0001 -0.0001 -0.0001 1
0.0708 0.0477 0.0371 0.0001 0.0706 0.0475 0.0369 -0.0001 1
0.2627 0.2858 0.0742 0.0910 0.2625 0.2856 0.0740 0.0908 1
0.0405 0.0001 0.0742 0.0456 0.0403 -0.0001 0.0740 0.0454 1
0.3435 0.3811 0.0742 0.2274 0.3433 0.3809 0.0740 0.2272 1
0.1819 0.1668 0.1112 0.1365 0.1817 0.1666 0.1110 0.1363 1
0.1516 0.0953 0.0001 0.1365 0.1514 0.0951 -0.0001 0.1363 1
0.0001 0.1430 0.1853 0.4546 -0.0001 0.1428 0.1851 0.4544 1
0.1617 0.0953 0.1482 0.0001 0.1615 0.0951 0.1480 -0.0001 1
0.2829 0.3096 0.2594 0.0456 0.2827 0.3094 0.2592 0.0454 1
0.2021 0.4287 0.2223 0.1819 0.2019 0.4285 0.2221 0.1817 1
0.3536 0.7144 0.1853 0.0910 0.3534 0.7142 0.1851 0.0908 1
0.2728 0.1668 0.3334 0.0456 0.2726 0.1666 0.3332 0.0454 1
0.1617 0.2382 0.1112 0.0910 0.1615 0.2380 0.1110 0.0908 1
0.2526 0.2858 0.1112 0.1819 0.2524 0.2856 0.1110 0.1817 1
0.1718 0.1906 0.2964 0.0910 0.1716 0.1904 0.2962 0.0908 1
1.0001 0.0001 0.0001 0.0001 0.9999 -0.0001 -0.0001 -0.0001 1
0.1516 0.2858 0.1112 0.0456 0.1514 0.2856 0.1110 0.0454 1
1.0001 0.0001 0.0001 0.0001 0.9999 -0.0001 -0.0001 -0.0001 1
0.2930 0.4525 0.1482 0.3183 0.2928 0.4523 0.1480 0.3181 1
0.2728 0.3572 0.6297 0.0456 0.2726 0.3570 0.6295 0.0454 1
0.3637 0.3572 0.1853 0.1365 0.3635 0.3570 0.1851 0.1363 1
0.1920 0.1668 0.1112 0.2274 0.1918 0.1666 0.1110 0.2272 1
0.2223 0.4049 0.1482 0.0001 0.2221 0.4047 0.1480 -0.0001 1
0.2122 0.3096 0.2594 0.0456 0.2120 0.3094 0.2592 0.0454 1
0.0001 0.1430 0.3705 0.3637 -0.0001 0.1428 0.3703 0.3635 1
0.2021 0.2620 0.1853 0.0910 0.2019 0.2618 0.1851 0.0908 1
0.2122 0.2144 0.1853 0.1365 0.2120 0.2142 0.1851 0.1363 1
0.2728 0.5477 0.1112 0.0456 0.2726 0.5475 0.1110 0.0454 1
0.2425 0.2382 0.0001 0.1365 0.2423 0.2380 -0.0001 0.1363 1
0.1617 0.1668 0.0371 0.0910 0.1615 0.1666 0.0369 0.0908 1
0.2425 0.4763 0.2964 0.0456 0.2423 0.4761 0.2962 0.0454 1
0.2021 0.3572 0.1853 0.0001 0.2019 0.3570 0.1851 -0.0001 1
0.2223 0.1668 0.2223 0.0910 0.2221 0.1666 0.2221 0.0908 1
0.2930 0.5239 0.2594 0.0456 0.2928 0.5237 0.2592 0.0454 1
0.2627 0.2620 0.2223 0.0910 0.2625 0.2618 0.2221 0.0908 1
0.3637 0.3096 0.5186 0.1365 0.3635 0.3094 0.5184 0.1363 1
0.2526 0.3572 0.3705 0.0456 0.2524 0.3570 0.3703 0.0454 1
0.3031 0.4287 0.3705 0.0001 0.3029 0.4285 0.3703 -0.0001 1
0.0910 0.0477 0.1112 0.0001 0.0908 0.0475 0.1110 -0.0001 1
