0.0001	0.0234	0.361	-0.0001	0.0232	0.3608	0
0.0001	0.0001	0.361	-0.0001	-0.0001	0.3608	0
0.0001	0.0001	0.3604	-0.0001	-0.0001	0.3602	0
0.0001	0.0001	0.3604	-0.0001	-0.0001	0.3602	0
0.0001	0.0234	0.3429	-0.0001	0.0232	0.3427	0
0.0001	0.0699	0.3653	-0.0001	0.0697	0.3651	0
0.0001	0.0001	0.361	-0.0001	-0.0001	0.3608	0
0.0001	0.0234	0.361	-0.0001	0.0232	0.3608	0
0.091	0.1629	0.3604	0.0908	0.1627	0.3602	0
0.0001	0.2559	0.3604	-0.0001	0.2557	0.3602	0
0.0001	0.1396	0.361	-0.0001	0.1394	0.3608	0
0.0001	0.0234	0.4457	-0.0001	0.0232	0.4455	0
0.0001	0.0234	0.3604	-0.0001	0.0232	0.3602	0
0.0001	0.0234	0.3604	-0.0001	0.0232	0.3602	0
0.0001	0.0001	0.3604	-0.0001	-0.0001	0.3602	0
0.0001	0.0234	0.3604	-0.0001	0.0232	0.3602	0
0.0001	0.2094	0.361	-0.0001	0.2092	0.3608	0
0.0001	0.0466	0.3604	-0.0001	0.0464	0.3602	0
0.0001	0.0234	0.3586	-0.0001	0.0232	0.3584	0
0.0001	0.0001	0.361	-0.0001	-0.0001	0.3608	0
0.1819	0.0699	0.361	0.1817	0.0697	0.3608	0
0.0001	0.0001	0.3604	-0.0001	-0.0001	0.3602	0
0.0001	0.0001	0.3604	-0.0001	-0.0001	0.3602	0
0.0001	0.0001	0.3604	-0.0001	-0.0001	0.3602	0
0.0001	0.442	0.3955	-0.0001	0.4418	0.3953	0
0.0001	0.3024	0.3598	-0.0001	0.3022	0.3596	0
0.0001	0.0466	0.3604	-0.0001	0.0464	0.3602	0
0.0001	0.0001	0.3604	-0.0001	-0.0001	0.3602	0
0.0001	0.0234	0.3604	-0.0001	0.0232	0.3602	0
0.0001	0.0001	0.3592	-0.0001	-0.0001	0.359	0
0.0001	0.0931	0.3604	-0.0001	0.0929	0.3602	0
0.0001	0.0001	0.3604	-0.0001	-0.0001	0.3602	0
0.0001	0.0466	0.3604	-0.0001	0.0464	0.3602	0
0.0001	0.0001	0.3604	-0.0001	-0.0001	0.3602	0
0.0001	0.0001	0.3604	-0.0001	-0.0001	0.3602	0
0.0001	0.0001	0.3604	-0.0001	-0.0001	0.3602	0
0.0001	0.0001	0.3604	-0.0001	-0.0001	0.3602	0
0.0001	0.0699	0.0001	-0.0001	0.0697	-0.0001	0
0.0001	0.0466	0.3441	-0.0001	0.0464	0.3439	0
0.0001	0.1164	0.3604	-0.0001	0.1162	0.3602	0
0.091	0.0234	0.3604	0.0908	0.0232	0.3602	0
0.0001	0.0234	0.3248	-0.0001	0.0232	0.3246	0
0.0001	0.0001	0.3604	-0.0001	-0.0001	0.3602	0
0.0001	0.0234	0.361	-0.0001	0.0232	0.3608	0
0.0001	0.3722	0.3604	-0.0001	0.372	0.3602	0
0.0001	0.0234	0.3604	-0.0001	0.0232	0.3602	0
0.0001	0.4187	0.3163	-0.0001	0.4185	0.3161	0
0.091	0.0001	0.3604	0.0908	-0.0001	0.3602	0
0.0001	0.0001	0.3592	-0.0001	-0.0001	0.359	0
0.0001	0.0001	0.3604	-0.0001	-0.0001	0.3602	0
0.0001	0.1164	0.349	-0.0001	0.1162	0.3488	0
0.0001	0.442	0.3604	-0.0001	0.4418	0.3602	0
0.0001	0.0699	0.2885	-0.0001	0.0697	0.2883	0
0.0001	0.0001	0.361	-0.0001	-0.0001	0.3608	0
0.0001	0.0699	0.3604	-0.0001	0.0697	0.3602	0
0.0001	0.0931	0.3326	-0.0001	0.0929	0.3324	0
0.0001	0.0466	0.3598	-0.0001	0.0464	0.3596	0
0.0001	0.0699	0.3604	-0.0001	0.0697	0.3602	0
0.0001	0.0001	0.3604	-0.0001	-0.0001	0.3602	0
0.0001	0.3024	0.0593	-0.0001	0.3022	0.0591	0
0.0001	0.0001	0.3604	-0.0001	-0.0001	0.3602	0
0.0001	0.0001	0.361	-0.0001	-0.0001	0.3608	0
0.0001	0.0001	0.3604	-0.0001	-0.0001	0.3602	0
0.0001	0.0234	0.361	-0.0001	0.0232	0.3608	0
0.0001	0.1396	0.361	-0.0001	0.1394	0.3608	0
0.0001	0.0001	0.3604	-0.0001	-0.0001	0.3602	0
0.0001	0.0699	0.3604	-0.0001	0.0697	0.3602	0
0.0001	0.0234	0.3604	-0.0001	0.0232	0.3602	0
0.0001	0.4652	0.3677	-0.0001	0.465	0.3675	0
0.0001	0.0699	0.3357	-0.0001	0.0697	0.3355	0
0.0001	0.4652	0.361	-0.0001	0.465	0.3608	0
0.0001	0.0001	0.3604	-0.0001	-0.0001	0.3602	0
0.0001	0.0931	0.3604	-0.0001	0.0929	0.3602	0
0.0001	0.0001	0.3598	-0.0001	-0.0001	0.3596	0
0.0001	0.0699	0.361	-0.0001	0.0697	0.3608	0
0.0001	0.0001	0.3604	-0.0001	-0.0001	0.3602	0
0.0001	0.0234	0.361	-0.0001	0.0232	0.3608	0
0.0001	0.0466	0.349	-0.0001	0.0464	0.3488	0
0.0001	0.1164	0.3604	-0.0001	0.1162	0.3602	0
0.0001	0.0466	0.3417	-0.0001	0.0464	0.3415	0
0.0001	0.0001	0.3604	-0.0001	-0.0001	0.3602	0
0.0001	0.0234	0.3604	-0.0001	0.0232	0.3602	0
0.0001	0.0001	0.3604	-0.0001	-0.0001	0.3602	0
0.0001	0.0466	0.3604	-0.0001	0.0464	0.3602	0
0.0001	0.0234	0.3604	-0.0001	0.0232	0.3602	0
0.0001	0.0001	0.361	-0.0001	-0.0001	0.3608	0
0.0001	0.4885	0.3604	-0.0001	0.4883	0.3602	0
0.0001	0.0466	0.254	-0.0001	0.0464	0.2538	0
0.0001	0.0466	0.361	-0.0001	0.0464	0.3608	0
0.0001	0.1396	0.3471	-0.0001	0.1394	0.3469	0
0.0001	0.0001	0.3604	-0.0001	-0.0001	0.3602	0
0.0001	0.1629	0.3604	-0.0001	0.1627	0.3602	0
0.0001	0.0699	0.3604	-0.0001	0.0697	0.3602	0
0.0001	0.0001	0.361	-0.0001	-0.0001	0.3608	0
0.0001	0.0001	0.3604	-0.0001	-0.0001	0.3602	0
0.0001	0.0001	0.3604	-0.0001	-0.0001	0.3602	0
0.0001	0.1861	0.4511	-0.0001	0.1859	0.4509	0
0.0001	0.0699	0.3604	-0.0001	0.0697	0.3602	0
0.0001	0.0001	0.3604	-0.0001	-0.0001	0.3602	0
0.0001	0.0001	0.3604	-0.0001	-0.0001	0.3602	0
0.0001	0.2559	0.3465	-0.0001	0.2557	0.3463	0
0.0001	0.2327	0.361	-0.0001	0.2325	0.3608	0
0.0001	0.0466	0.3604	-0.0001	0.0464	0.3602	0
0.0001	0.0234	0.3483	-0.0001	0.0232	0.3481	0
0.0001	0.0001	0.3604	-0.0001	-0.0001	0.3602	0
0.0001	0.0466	0.3604	-0.0001	0.0464	0.3602	0
0.0001	0.0001	0.3604	-0.0001	-0.0001	0.3602	0
0.0001	0.0001	0.3604	-0.0001	-0.0001	0.3602	0
0.0001	0.1396	0.3677	-0.0001	0.1394	0.3675	0
0.0001	0.0466	0.3471	-0.0001	0.0464	0.3469	0
0.0001	0.0001	0.361	-0.0001	-0.0001	0.3608	0
0.0001	0.0001	0.3604	-0.0001	-0.0001	0.3602	0
0.0001	0.1861	0.3798	-0.0001	0.1859	0.3796	0
0.0001	0.0001	0.3604	-0.0001	-0.0001	0.3602	0
0.0001	0.0699	0.3441	-0.0001	0.0697	0.3439	0
0.1819	0.1164	0.3604	0.1817	0.1162	0.3602	0
0.0001	0.0234	0.361	-0.0001	0.0232	0.3608	0
0.0001	0.0001	0.361	-0.0001	-0.0001	0.3608	0
0.0001	0.1629	0.361	-0.0001	0.1627	0.3608	0
0.0001	0.0001	0.361	-0.0001	-0.0001	0.3608	0
0.0001	0.0001	0.3604	-0.0001	-0.0001	0.3602	0
0.0001	0.0699	0.3604	-0.0001	0.0697	0.3602	0
0.0001	0.2327	0.1404	-0.0001	0.2325	0.1402	0
0.0001	0.0466	0.3604	-0.0001	0.0464	0.3602	0
0.0001	0.0699	0.361	-0.0001	0.0697	0.3608	0
0.0001	0.0699	0.3592	-0.0001	0.0697	0.359	0
0.0001	0.0466	0.3604	-0.0001	0.0464	0.3602	0
0.0001	0.0001	0.361	-0.0001	-0.0001	0.3608	0
0.0001	0.0001	0.3604	-0.0001	-0.0001	0.3602	0
0.0001	0.1396	0.3604	-0.0001	0.1394	0.3602	0
0.0001	0.0234	0.3604	-0.0001	0.0232	0.3602	0
0.0001	0.0234	0.3604	-0.0001	0.0232	0.3602	0
0.0001	0.0001	0.3598	-0.0001	-0.0001	0.3596	0
0.0001	0.0234	0.3604	-0.0001	0.0232	0.3602	0
0.0001	0.0001	0.3604	-0.0001	-0.0001	0.3602	0
0.0001	0.0234	0.3604	-0.0001	0.0232	0.3602	0
0.0001	0.0001	0.361	-0.0001	-0.0001	0.3608	0
0.0001	0.0931	0.361	-0.0001	0.0929	0.3608	0
0.0001	0.0234	0.3604	-0.0001	0.0232	0.3602	0
0.0001	0.0234	0.3471	-0.0001	0.0232	0.3469	0
0.0001	0.0001	0.361	-0.0001	-0.0001	0.3608	0
0.0001	0.0234	0.3604	-0.0001	0.0232	0.3602	0
0.0001	0.0001	0.3604	-0.0001	-0.0001	0.3602	0
0.0001	0.0001	0.3592	-0.0001	-0.0001	0.359	0
0.0001	0.1396	0.3459	-0.0001	0.1394	0.3457	0
0.0001	0.1396	0.3895	-0.0001	0.1394	0.3893	0
0.0001	0.0001	0.3604	-0.0001	-0.0001	0.3602	0
0.091	0.0699	0.3604	0.0908	0.0697	0.3602	0
0.091	0.1164	0.3604	0.0908	0.1162	0.3602	0
0.0001	0.2559	0.361	-0.0001	0.2557	0.3608	0
0.0001	0.1396	0.361	-0.0001	0.1394	0.3608	0
0.0001	0.0001	0.361	-0.0001	-0.0001	0.3608	0
0.0001	0.0234	0.1791	-0.0001	0.0232	0.1789	0
0.0001	0.0931	0.3604	-0.0001	0.0929	0.3602	0
0.0001	0.0699	0.3604	-0.0001	0.0697	0.3602	0
0.0001	0.0931	0.3592	-0.0001	0.0929	0.359	0
0.0001	0.0466	0.3604	-0.0001	0.0464	0.3602	0
0.0001	0.0234	0.3604	-0.0001	0.0232	0.3602	0
0.0001	0.0234	0.3604	-0.0001	0.0232	0.3602	0
0.0001	0.0001	0.3604	-0.0001	-0.0001	0.3602	0
0.0001	0.0234	0.335	-0.0001	0.0232	0.3348	0
0.0001	0.1629	0.3604	-0.0001	0.1627	0.3602	0
0.091	0.3024	0.3604	0.0908	0.3022	0.3602	0
0.0001	0.0234	0.2818	-0.0001	0.0232	0.2816	0
0.0001	0.0931	0.361	-0.0001	0.0929	0.3608	0
0.0001	0.0001	0.3604	-0.0001	-0.0001	0.3602	0
0.0001	0.0001	0.3604	-0.0001	-0.0001	0.3602	0
0.0001	0.0001	0.361	-0.0001	-0.0001	0.3608	0
0.0001	0.0001	0.3604	-0.0001	-0.0001	0.3602	0
0.0001	0.0001	0.3604	-0.0001	-0.0001	0.3602	0
0.0001	0.0001	0.3604	-0.0001	-0.0001	0.3602	0
0.0001	0.3722	0.3199	-0.0001	0.372	0.3197	0
0.0001	0.0234	0.3302	-0.0001	0.0232	0.33	0
0.0001	0.0001	0.361	-0.0001	-0.0001	0.3608	0
0.0001	0.2094	0.361	-0.0001	0.2092	0.3608	0
0.0001	0.1629	0.3604	-0.0001	0.1627	0.3602	0
0.0001	0.0234	0.361	-0.0001	0.0232	0.3608	0
0.0001	0.0001	0.361	-0.0001	-0.0001	0.3608	0
0.0001	0.0466	0.3604	-0.0001	0.0464	0.3602	0
0.0001	0.0001	0.3604	-0.0001	-0.0001	0.3602	0
0.0001	0.0001	0.3604	-0.0001	-0.0001	0.3602	0
0.0001	0.0234	0.361	-0.0001	0.0232	0.3608	0
0.0001	0.1396	0.3604	-0.0001	0.1394	0.3602	0
0.0001	0.0001	0.3604	-0.0001	-0.0001	0.3602	0
0.0001	0.0466	0.3181	-0.0001	0.0464	0.3179	0
0.0001	0.0699	0.3604	-0.0001	0.0697	0.3602	0
0.0001	0.0466	0.361	-0.0001	0.0464	0.3608	0
0.091	0.1396	0.2165	0.0908	0.1394	0.2163	0
0.0001	0.0699	0.2552	-0.0001	0.0697	0.255	0
0.0001	0.0234	0.3604	-0.0001	0.0232	0.3602	0
0.0001	0.0234	0.3604	-0.0001	0.0232	0.3602	0
0.0001	0.1164	0.361	-0.0001	0.1162	0.3608	0
0.0001	0.1164	0.361	-0.0001	0.1162	0.3608	0
0.0001	0.0001	0.3604	-0.0001	-0.0001	0.3602	0
0.0001	0.1164	0.4487	-0.0001	0.1162	0.4485	0
0.0001	0.0466	0.3604	-0.0001	0.0464	0.3602	0
0.0001	0.0001	0.361	-0.0001	-0.0001	0.3608	0
0.0001	0.0234	0.361	-0.0001	0.0232	0.3608	0
0.0001	0.0466	0.3604	-0.0001	0.0464	0.3602	0
0.0001	0.1164	0.2812	-0.0001	0.1162	0.281	0
0.091	0.0001	0.361	0.0908	-0.0001	0.3608	0
0.0001	0.0001	0.361	-0.0001	-0.0001	0.3608	0
0.0001	0.0466	0.332	-0.0001	0.0464	0.3318	0
0.0001	0.1629	0.41	-0.0001	0.1627	0.4098	0
0.0001	0.0001	0.3604	-0.0001	-0.0001	0.3602	0
0.0001	0.0234	0.3604	-0.0001	0.0232	0.3602	0
0.0001	0.0466	0.3604	-0.0001	0.0464	0.3602	0
0.0001	0.0931	0.3604	-0.0001	0.0929	0.3602	0
0.0001	0.0001	0.3604	-0.0001	-0.0001	0.3602	0
0.0001	0.0699	0.3604	-0.0001	0.0697	0.3602	0
0.0001	0.0234	0.3471	-0.0001	0.0232	0.3469	0
0.0001	0.0699	0.5213	-0.0001	0.0697	0.5211	0
0.0001	0.0234	0.3604	-0.0001	0.0232	0.3602	0
0.0001	0.0001	0.3604	-0.0001	-0.0001	0.3602	0
0.0001	0.0001	0.3604	-0.0001	-0.0001	0.3602	0
0.0001	0.0234	0.361	-0.0001	0.0232	0.3608	0
0.0001	0.0001	0.3604	-0.0001	-0.0001	0.3602	0
0.0001	0.2559	0.3604	-0.0001	0.2557	0.3602	0
0.0001	0.0001	0.361	-0.0001	-0.0001	0.3608	0
0.0001	0.0234	0.3604	-0.0001	0.0232	0.3602	0
0.0001	0.0466	0.3471	-0.0001	0.0464	0.3469	0
0.091	0.3489	0.3586	0.0908	0.3487	0.3584	0
0.0001	0.0931	0.361	-0.0001	0.0929	0.3608	0
0.0001	0.0466	0.3604	-0.0001	0.0464	0.3602	0
0.0001	0.0234	0.3598	-0.0001	0.0232	0.3596	0
0.0001	0.0234	0.3604	-0.0001	0.0232	0.3602	0
0.0001	0.1861	0.3399	-0.0001	0.1859	0.3397	0
0.0001	0.0001	0.3592	-0.0001	-0.0001	0.359	0
0.0001	0.0001	0.3604	-0.0001	-0.0001	0.3602	0
0.0001	0.0001	0.3604	-0.0001	-0.0001	0.3602	0
0.0001	0.0234	0.3604	-0.0001	0.0232	0.3602	0
0.0001	0.0234	0.3604	-0.0001	0.0232	0.3602	0
0.0001	0.0001	0.3604	-0.0001	-0.0001	0.3602	0
0.0001	0.1629	0.3604	-0.0001	0.1627	0.3602	0
0.0001	0.0466	0.5684	-0.0001	0.0464	0.5682	0
0.0001	0.0001	0.361	-0.0001	-0.0001	0.3608	0
0.0001	0.1629	0.309	-0.0001	0.1627	0.3088	0
0.0001	0.0234	0.3604	-0.0001	0.0232	0.3602	0
0.0001	0.0001	0.3604	-0.0001	-0.0001	0.3602	0
0.0001	0.0234	0.3393	-0.0001	0.0232	0.3391	0
0.0001	0.0234	0.3604	-0.0001	0.0232	0.3602	0
0.0001	0.0699	0.361	-0.0001	0.0697	0.3608	0
0.0001	0.1164	0.3151	-0.0001	0.1162	0.3149	0
0.0001	0.3024	0.3798	-0.0001	0.3022	0.3796	0
0.0001	0.1396	0.361	-0.0001	0.1394	0.3608	0
0.0001	0.0001	0.3604	-0.0001	-0.0001	0.3602	0
0.0001	0.0699	0.355	-0.0001	0.0697	0.3548	0
0.0001	0.2094	0.3604	-0.0001	0.2092	0.3602	0
0.0001	0.3024	0.3604	-0.0001	0.3022	0.3602	0
0.0001	0.0699	0.3604	-0.0001	0.0697	0.3602	0
0.0001	0.0931	0.5358	-0.0001	0.0929	0.5356	0
0.0001	0.2327	0.361	-0.0001	0.2325	0.3608	0
0.0001	0.2094	0.4118	-0.0001	0.2092	0.4116	0
0.0001	0.0234	0.3604	-0.0001	0.0232	0.3602	0
0.0001	0.0001	0.361	-0.0001	-0.0001	0.3608	0
0.0001	0.0466	0.335	-0.0001	0.0464	0.3348	0
0.0001	0.0001	0.3604	-0.0001	-0.0001	0.3602	0
0.0001	0.0001	0.361	-0.0001	-0.0001	0.3608	0
0.0001	0.0001	0.361	-0.0001	-0.0001	0.3608	0
0.0001	0.0001	0.3604	-0.0001	-0.0001	0.3602	0
0.0001	0.0234	0.3749	-0.0001	0.0232	0.3747	0
0.0001	0.0234	0.3604	-0.0001	0.0232	0.3602	0
0.0001	0.0001	0.3604	-0.0001	-0.0001	0.3602	0
0.0001	0.0931	0.3604	-0.0001	0.0929	0.3602	0
0.0001	0.0001	0.3604	-0.0001	-0.0001	0.3602	0
0.0001	0.0001	0.3604	-0.0001	-0.0001	0.3602	0
0.0001	0.0001	0.3604	-0.0001	-0.0001	0.3602	0
0.0001	0.0001	0.3604	-0.0001	-0.0001	0.3602	0
0.0001	0.0466	0.4149	-0.0001	0.0464	0.4147	0
0.0001	0.0466	0.3604	-0.0001	0.0464	0.3602	0
0.0001	0.1861	0.3344	-0.0001	0.1859	0.3342	0
0.0001	0.0699	0.3604	-0.0001	0.0697	0.3602	0
0.0001	0.0001	0.361	-0.0001	-0.0001	0.3608	0
0.0001	0.0001	0.3604	-0.0001	-0.0001	0.3602	0
0.0001	0.0466	0.3604	-0.0001	0.0464	0.3602	0
0.0001	0.1396	0.3453	-0.0001	0.1394	0.3451	0
0.0001	0.0466	0.3508	-0.0001	0.0464	0.3506	0
0.0001	0.1164	0.3435	-0.0001	0.1162	0.3433	0
0.0001	0.0466	0.361	-0.0001	0.0464	0.3608	0
0.0001	0.0001	0.3604	-0.0001	-0.0001	0.3602	0
0.0001	0.0234	0.361	-0.0001	0.0232	0.3608	0
0.0001	0.0234	0.3598	-0.0001	0.0232	0.3596	0
0.091	0.0234	0.3604	0.0908	0.0232	0.3602	0
0.0001	0.0001	0.3604	-0.0001	-0.0001	0.3602	0
0.0001	0.2094	0.361	-0.0001	0.2092	0.3608	0
0.0001	0.0234	0.3604	-0.0001	0.0232	0.3602	0
0.0001	0.0466	0.3604	-0.0001	0.0464	0.3602	0
0.0001	0.0001	0.6633	-0.0001	-0.0001	0.6631	0
0.091	0.2559	0.3604	0.0908	0.2557	0.3602	0
0.0001	0.0001	0.361	-0.0001	-0.0001	0.3608	0
0.0001	0.0234	0.3604	-0.0001	0.0232	0.3602	0
0.0001	0.0931	0.1597	-0.0001	0.0929	0.1595	0
0.0001	0.0931	0.3357	-0.0001	0.0929	0.3355	0
0.0001	0.0001	0.3604	-0.0001	-0.0001	0.3602	0
0.0001	0.0001	0.3604	-0.0001	-0.0001	0.3602	0
0.0001	0.1164	0.3441	-0.0001	0.1162	0.3439	0
0.0001	0.0234	0.3604	-0.0001	0.0232	0.3602	0
0.0001	0.0931	0.361	-0.0001	0.0929	0.3608	0
0.091	0.0234	0.3604	0.0908	0.0232	0.3602	0
0.0001	0.0234	0.3544	-0.0001	0.0232	0.3542	0
0.0001	0.0001	0.3604	-0.0001	-0.0001	0.3602	0
0.0001	0.0001	0.3598	-0.0001	-0.0001	0.3596	0
0.0001	0.0001	0.3598	-0.0001	-0.0001	0.3596	0
0.0001	0.0001	0.3592	-0.0001	-0.0001	0.359	0
0.0001	0.1164	0.3604	-0.0001	0.1162	0.3602	0
0.0001	0.0466	0.3604	-0.0001	0.0464	0.3602	0
0.0001	0.2327	0.361	-0.0001	0.2325	0.3608	0
0.0001	0.0001	0.3604	-0.0001	-0.0001	0.3602	0
0.0001	0.0234	0.3604	-0.0001	0.0232	0.3602	0
0.0001	0.0466	0.3604	-0.0001	0.0464	0.3602	0
0.0001	0.0001	0.3604	-0.0001	-0.0001	0.3602	0
0.0001	0.0466	0.3375	-0.0001	0.0464	0.3373	0
0.0001	0.1164	0.3471	-0.0001	0.1162	0.3469	0
0.0001	0.0234	0.361	-0.0001	0.0232	0.3608	0
0.0001	0.0466	0.3598	-0.0001	0.0464	0.3596	0
0.0001	0.0234	0.361	-0.0001	0.0232	0.3608	0
0.0001	0.0001	0.3604	-0.0001	-0.0001	0.3602	0
0.0001	0.0699	0.6839	-0.0001	0.0697	0.6837	0
0.0001	0.0234	0.361	-0.0001	0.0232	0.3608	0
0.0001	0.0466	0.5219	-0.0001	0.0464	0.5217	0
0.0001	0.1164	0.3586	-0.0001	0.1162	0.3584	0
0.0001	0.0001	0.361	-0.0001	-0.0001	0.3608	0
0.3637	0.1164	0.3604	0.3635	0.1162	0.3602	0
0.0001	0.3024	0.361	-0.0001	0.3022	0.3608	0
0.0001	0.0001	0.3604	-0.0001	-0.0001	0.3602	0
0.0001	0.0234	0.3604	-0.0001	0.0232	0.3602	0
0.0001	0.2327	0.3604	-0.0001	0.2325	0.3602	0
0.0001	0.0466	0.3514	-0.0001	0.0464	0.3512	0
0.0001	0.3954	0.3459	-0.0001	0.3952	0.3457	0
0.0001	0.3257	0.361	-0.0001	0.3255	0.3608	0
0.0001	0.0001	0.3604	-0.0001	-0.0001	0.3602	0
0.0001	0.0234	0.3477	-0.0001	0.0232	0.3475	0
0.0001	0.0001	0.3604	-0.0001	-0.0001	0.3602	0
0.0001	0.0001	0.3604	-0.0001	-0.0001	0.3602	0
0.0001	0.0001	0.3598	-0.0001	-0.0001	0.3596	0
0.0001	0.0234	0.3211	-0.0001	0.0232	0.3209	0
0.0001	0.2559	0.3604	-0.0001	0.2557	0.3602	0
0.0001	0.0699	0.3604	-0.0001	0.0697	0.3602	0
0.0001	0.0234	0.3604	-0.0001	0.0232	0.3602	0
0.0001	0.0931	0.3604	-0.0001	0.0929	0.3602	0
0.0001	0.0234	0.3604	-0.0001	0.0232	0.3602	0
0.0001	0.0001	0.361	-0.0001	-0.0001	0.3608	0
0.0001	0.0466	0.3399	-0.0001	0.0464	0.3397	0
0.0001	0.0466	0.3604	-0.0001	0.0464	0.3602	0
0.0001	0.0001	0.361	-0.0001	-0.0001	0.3608	0
0.0001	0.0001	0.361	-0.0001	-0.0001	0.3608	0
0.0001	0.0001	0.361	-0.0001	-0.0001	0.3608	0
0.0001	0.0001	0.361	-0.0001	-0.0001	0.3608	0
0.0001	0.0466	0.3604	-0.0001	0.0464	0.3602	0
0.0001	0.0001	0.361	-0.0001	-0.0001	0.3608	0
0.0001	0.0001	0.3604	-0.0001	-0.0001	0.3602	0
0.0001	0.2327	0.2159	-0.0001	0.2325	0.2157	0
0.0001	0.1164	0.3707	-0.0001	0.1162	0.3705	0
0.0001	0.0001	0.3592	-0.0001	-0.0001	0.359	0
0.0001	0.0234	0.3514	-0.0001	0.0232	0.3512	0
0.091	0.0001	0.3604	0.0908	-0.0001	0.3602	0
0.0001	0.1164	0.3604	-0.0001	0.1162	0.3602	0
0.0001	0.0001	0.3604	-0.0001	-0.0001	0.3602	0
0.0001	0.1396	0.3604	-0.0001	0.1394	0.3602	0
0.0001	0.0001	0.361	-0.0001	-0.0001	0.3608	0
0.0001	0.0001	0.3604	-0.0001	-0.0001	0.3602	0
0.0001	0.0001	0.361	-0.0001	-0.0001	0.3608	0
0.0001	0.0699	0.326	-0.0001	0.0697	0.3258	0
0.0001	0.3257	0.3604	-0.0001	0.3255	0.3602	0
0.0001	0.3257	0.3604	-0.0001	0.3255	0.3602	0
0.0001	0.1164	0.3604	-0.0001	0.1162	0.3602	0
0.0001	0.0001	0.3604	-0.0001	-0.0001	0.3602	0
0.0001	0.0001	0.3604	-0.0001	-0.0001	0.3602	0
0.0001	0.0234	0.361	-0.0001	0.0232	0.3608	0
0.0001	0.0001	0.361	-0.0001	-0.0001	0.3608	0
0.0001	0.0001	0.3604	-0.0001	-0.0001	0.3602	0
0.0001	0.0466	0.3338	-0.0001	0.0464	0.3336	0
0.0001	0.0001	0.3598	-0.0001	-0.0001	0.3596	0
0.0001	0.1164	0.3604	-0.0001	0.1162	0.3602	0
0.0001	0.0234	0.3604	-0.0001	0.0232	0.3602	0
0.0001	0.0001	0.361	-0.0001	-0.0001	0.3608	0
0.0001	0.0466	0.3604	-0.0001	0.0464	0.3602	0
0.0001	0.4885	0.2305	-0.0001	0.4883	0.2303	0
0.0001	0.0699	0.2317	-0.0001	0.0697	0.2315	0
0.0001	0.0466	0.3604	-0.0001	0.0464	0.3602	0
0.0001	0.0466	0.3604	-0.0001	0.0464	0.3602	0
0.0001	0.0001	0.3604	-0.0001	-0.0001	0.3602	0
0.0001	0.0001	0.3604	-0.0001	-0.0001	0.3602	0
0.0001	0.0234	0.3604	-0.0001	0.0232	0.3602	0
0.0001	0.0001	0.3604	-0.0001	-0.0001	0.3602	0
0.0001	0.0234	0.3604	-0.0001	0.0232	0.3602	0
0.0001	0.0466	0.3604	-0.0001	0.0464	0.3602	0
0.091	0.1629	0.3604	0.0908	0.1627	0.3602	0
0.0001	0.0699	0.361	-0.0001	0.0697	0.3608	0
0.0001	0.2327	0.3604	-0.0001	0.2325	0.3602	0
0.0001	0.0466	0.3447	-0.0001	0.0464	0.3445	0
0.0001	0.3024	0.3604	-0.0001	0.3022	0.3602	0
0.0001	0.2792	0.3453	-0.0001	0.279	0.3451	0
0.0001	0.1164	0.3502	-0.0001	0.1162	0.35	0
0.091	0.1629	0.2855	0.0908	0.1627	0.2853	0
0.0001	0.0001	0.3604	-0.0001	-0.0001	0.3602	0
0.0001	0.0234	0.3363	-0.0001	0.0232	0.3361	0
0.0001	0.0001	0.3604	-0.0001	-0.0001	0.3602	0
0.0001	0.0699	0.361	-0.0001	0.0697	0.3608	0
0.0001	0.0001	0.3604	-0.0001	-0.0001	0.3602	0
0.0001	0.0001	0.3604	-0.0001	-0.0001	0.3602	0
0.0001	0.1164	0.3604	-0.0001	0.1162	0.3602	0
0.0001	0.0234	0.3604	-0.0001	0.0232	0.3602	0
0.0001	0.0699	0.5642	-0.0001	0.0697	0.564	0
0.0001	0.1164	0.3048	-0.0001	0.1162	0.3046	0
0.0001	0.0466	0.355	-0.0001	0.0464	0.3548	0
0.0001	0.0234	0.3604	-0.0001	0.0232	0.3602	0
0.0001	0.0931	0.3604	-0.0001	0.0929	0.3602	0
0.0001	0.0001	0.361	-0.0001	-0.0001	0.3608	0
0.0001	0.0466	0.3369	-0.0001	0.0464	0.3367	0
0.0001	0.1164	0.3677	-0.0001	0.1162	0.3675	0
0.0001	0.0001	0.3604	-0.0001	-0.0001	0.3602	0
0.0001	0.0001	0.3604	-0.0001	-0.0001	0.3602	0
0.091	0.2094	0.3604	0.0908	0.2092	0.3602	0
0.0001	0.0234	0.3544	-0.0001	0.0232	0.3542	0
0.0001	0.0001	0.3574	-0.0001	-0.0001	0.3572	0
0.0001	0.0234	0.3604	-0.0001	0.0232	0.3602	0
0.0001	0.0001	0.3604	-0.0001	-0.0001	0.3602	0
0.0001	0.0931	0.355	-0.0001	0.0929	0.3548	0
0.0001	0.0931	0.3453	-0.0001	0.0929	0.3451	0
0.0001	0.0001	0.361	-0.0001	-0.0001	0.3608	0
0.0001	0.0001	0.3604	-0.0001	-0.0001	0.3602	0
0.0001	0.0931	0.361	-0.0001	0.0929	0.3608	0
0.0001	0.1164	0.1724	-0.0001	0.1162	0.1722	0
0.0001	0.2094	0.3598	-0.0001	0.2092	0.3596	0
0.0001	0.1861	0.3526	-0.0001	0.1859	0.3524	0
0.0001	0.0001	0.3592	-0.0001	-0.0001	0.359	0
0.0001	0.0001	0.3604	-0.0001	-0.0001	0.3602	0
0.0001	0.0001	0.361	-0.0001	-0.0001	0.3608	0
0.0001	0.0466	0.3308	-0.0001	0.0464	0.3306	0
0.0001	0.0466	0.3592	-0.0001	0.0464	0.359	0
0.0001	0.0466	0.3604	-0.0001	0.0464	0.3602	0
0.0001	0.0001	0.3604	-0.0001	-0.0001	0.3602	0
0.0001	0.0699	0.3598	-0.0001	0.0697	0.3596	0
0.091	0.1164	0.3604	0.0908	0.1162	0.3602	0
0.0001	0.0001	0.361	-0.0001	-0.0001	0.3608	0
0.0001	0.1164	0.361	-0.0001	0.1162	0.3608	0
0.0001	0.0001	0.3604	-0.0001	-0.0001	0.3602	0
0.0001	0.0001	0.3598	-0.0001	-0.0001	0.3596	0
0.0001	0.1861	0.3586	-0.0001	0.1859	0.3584	0
0.091	0.3489	0.3604	0.0908	0.3487	0.3602	0
0.0001	0.2792	0.3338	-0.0001	0.279	0.3336	0
0.0001	0.0699	0.361	-0.0001	0.0697	0.3608	0
0.0001	0.0234	0.3598	-0.0001	0.0232	0.3596	0
0.0001	0.535	0.3604	-0.0001	0.5348	0.3602	0
0.0001	0.0931	0.3604	-0.0001	0.0929	0.3602	0
0.0001	0.0234	0.361	-0.0001	0.0232	0.3608	0
0.0001	0.0466	0.3314	-0.0001	0.0464	0.3312	0
0.0001	0.0001	0.3604	-0.0001	-0.0001	0.3602	0
0.0001	0.0001	0.3604	-0.0001	-0.0001	0.3602	0
0.0001	0.0001	0.3604	-0.0001	-0.0001	0.3602	0
0.0001	0.3489	0.355	-0.0001	0.3487	0.3548	0
0.0001	0.2327	0.3502	-0.0001	0.2325	0.35	0
0.0001	0.0699	0.3598	-0.0001	0.0697	0.3596	0
0.0001	0.0001	0.361	-0.0001	-0.0001	0.3608	0
0.0001	0.0001	0.361	-0.0001	-0.0001	0.3608	0
0.0001	0.0234	0.361	-0.0001	0.0232	0.3608	0
0.0001	0.1396	0.3604	-0.0001	0.1394	0.3602	0
0.0001	0.0466	0.3447	-0.0001	0.0464	0.3445	0
0.0001	0.1629	0.3604	-0.0001	0.1627	0.3602	0
0.0001	0.0234	0.3604	-0.0001	0.0232	0.3602	0
0.0001	0.0001	0.3604	-0.0001	-0.0001	0.3602	0
0.0001	0.0001	0.3604	-0.0001	-0.0001	0.3602	0
0.0001	0.1164	0.3604	-0.0001	0.1162	0.3602	0
0.0001	0.0001	0.361	-0.0001	-0.0001	0.3608	0
0.0001	0.0001	0.3604	-0.0001	-0.0001	0.3602	0
0.0001	0.0699	0.3604	-0.0001	0.0697	0.3602	0
0.0001	0.0466	0.3465	-0.0001	0.0464	0.3463	0
0.1819	0.3257	0.361	0.1817	0.3255	0.3608	0
0.0001	0.0931	0.3604	-0.0001	0.0929	0.3602	0
0.0001	0.0234	0.3604	-0.0001	0.0232	0.3602	0
0.0001	0.0466	0.3604	-0.0001	0.0464	0.3602	0
0.0001	0.2094	0.3604	-0.0001	0.2092	0.3602	0
0.0001	0.0234	0.3586	-0.0001	0.0232	0.3584	0
0.1819	0.0466	0.3604	0.1817	0.0464	0.3602	0
0.0001	0.1396	0.3743	-0.0001	0.1394	0.3741	0
0.0001	0.0466	0.3604	-0.0001	0.0464	0.3602	0
0.0001	0.0234	0.361	-0.0001	0.0232	0.3608	0
0.0001	0.0001	0.3604	-0.0001	-0.0001	0.3602	0
0.0001	0.0466	0.3592	-0.0001	0.0464	0.359	0
0.0001	0.0234	0.3604	-0.0001	0.0232	0.3602	0
0.0001	0.0466	0.361	-0.0001	0.0464	0.3608	0
0.0001	0.0001	0.3604	-0.0001	-0.0001	0.3602	0
0.2728	0.0466	0.361	0.2726	0.0464	0.3608	0
0.0001	0.0234	0.3604	-0.0001	0.0232	0.3602	0
0.091	0.0699	0.3604	0.0908	0.0697	0.3602	0
0.0001	0.1861	0.3604	-0.0001	0.1859	0.3602	0
0.0001	0.0466	0.361	-0.0001	0.0464	0.3608	0
0.0001	0.0001	0.3604	-0.0001	-0.0001	0.3602	0
0.0001	0.0234	0.3393	-0.0001	0.0232	0.3391	0
0.0001	0.0001	0.3604	-0.0001	-0.0001	0.3602	0
0.0001	0.0234	0.3423	-0.0001	0.0232	0.3421	0
0.0001	0.0466	0.3604	-0.0001	0.0464	0.3602	0
0.0001	0.1396	0.3308	-0.0001	0.1394	0.3306	0
0.0001	0.0234	0.3	-0.0001	0.0232	0.2998	0
0.0001	0.0234	0.3604	-0.0001	0.0232	0.3602	0
0.0001	0.0931	0.2691	-0.0001	0.0929	0.2689	0
0.0001	0.0001	0.3604	-0.0001	-0.0001	0.3602	0
0.0001	0.0001	0.361	-0.0001	-0.0001	0.3608	0
0.091	0.0234	0.3604	0.0908	0.0232	0.3602	0
0.0001	0.0466	0.361	-0.0001	0.0464	0.3608	0
0.0001	0.1629	0.3604	-0.0001	0.1627	0.3602	0
0.0001	0.1861	0.3604	-0.0001	0.1859	0.3602	0
0.0001	0.0466	0.3393	-0.0001	0.0464	0.3391	0
0.0001	0.0001	0.3604	-0.0001	-0.0001	0.3602	0
0.0001	0.0001	0.3604	-0.0001	-0.0001	0.3602	0
0.0001	0.2327	0.3604	-0.0001	0.2325	0.3602	0
0.0001	0.0466	0.3604	-0.0001	0.0464	0.3602	0
0.0001	0.0001	0.3604	-0.0001	-0.0001	0.3602	0
0.0001	0.0931	0.3604	-0.0001	0.0929	0.3602	0
0.0001	0.0234	0.3604	-0.0001	0.0232	0.3602	0
0.0001	0.0001	0.358	-0.0001	-0.0001	0.3578	0
0.0001	0.0234	0.3	-0.0001	0.0232	0.2998	0
0.0001	0.0234	0.3604	-0.0001	0.0232	0.3602	0
0.0001	0.0466	0.361	-0.0001	0.0464	0.3608	0
0.0001	0.0001	0.3604	-0.0001	-0.0001	0.3602	0
0.0001	0.0699	0.361	-0.0001	0.0697	0.3608	0
0.0001	0.0234	0.3604	-0.0001	0.0232	0.3602	0
0.091	0.0234	0.3604	0.0908	0.0232	0.3602	0
0.0001	0.0234	0.3514	-0.0001	0.0232	0.3512	0
0.0001	0.0466	0.361	-0.0001	0.0464	0.3608	0
0.0001	0.0234	0.3604	-0.0001	0.0232	0.3602	0
0.0001	0.0234	0.4227	-0.0001	0.0232	0.4225	0
0.0001	0.1164	0.3604	-0.0001	0.1162	0.3602	0
0.0001	0.0234	0.3604	-0.0001	0.0232	0.3602	0
0.0001	0.0234	0.3604	-0.0001	0.0232	0.3602	0
0.0001	0.0001	0.361	-0.0001	-0.0001	0.3608	0
0.0001	0.0001	0.361	-0.0001	-0.0001	0.3608	0
0.0001	0.0234	0.667	-0.0001	0.0232	0.6668	0
0.0001	0.1396	0.3604	-0.0001	0.1394	0.3602	1
0.0001	0.0001	0.3604	-0.0001	-0.0001	0.3602	1
0.0001	0.6048	0.3604	-0.0001	0.6046	0.3602	1
0.0001	0.0234	0.361	-0.0001	0.0232	0.3608	1
0.0001	0.0699	0.3604	-0.0001	0.0697	0.3602	1
0.091	0.0001	0.3604	0.0908	-0.0001	0.3602	1
0.0001	0.1164	0.3604	-0.0001	0.1162	0.3602	1
0.0001	0.4187	0.361	-0.0001	0.4185	0.3608	1
0.0001	0.0234	0.3604	-0.0001	0.0232	0.3602	1
0.0001	0.3722	0.3562	-0.0001	0.372	0.356	1
0.0001	0.0699	0.3604	-0.0001	0.0697	0.3602	1
0.0001	0.4652	0.3604	-0.0001	0.465	0.3602	1
0.0001	0.2327	0.3604	-0.0001	0.2325	0.3602	1
0.0001	0.0001	0.361	-0.0001	-0.0001	0.3608	1
0.0001	0.1396	0.4294	-0.0001	0.1394	0.4292	1
0.0001	0.0466	0.3604	-0.0001	0.0464	0.3602	1
0.0001	0.0234	0.3604	-0.0001	0.0232	0.3602	1
0.0001	0.0001	0.3604	-0.0001	-0.0001	0.3602	1
0.0001	0.0001	0.3604	-0.0001	-0.0001	0.3602	1
0.0001	0.1861	0.3604	-0.0001	0.1859	0.3602	1
0.0001	0.0001	0.361	-0.0001	-0.0001	0.3608	1
0.0001	0.0234	0.1646	-0.0001	0.0232	0.1644	1
0.0001	0.0001	0.3604	-0.0001	-0.0001	0.3602	1
0.0001	0.0931	0.3604	-0.0001	0.0929	0.3602	1
0.0001	0.0234	0.3604	-0.0001	0.0232	0.3602	1
0.0001	0.0234	0.3604	-0.0001	0.0232	0.3602	1
0.1819	0.2792	0.361	0.1817	0.279	0.3608	1
0.0001	0.0931	0.361	-0.0001	0.0929	0.3608	1
0.091	0.0234	0.4499	0.0908	0.0232	0.4497	1
0.0001	0.0001	0.3604	-0.0001	-0.0001	0.3602	1
0.0001	0.0466	0.352	-0.0001	0.0464	0.3518	1
0.091	0.0466	0.3604	0.0908	0.0464	0.3602	1
0.0001	0.3489	0.3604	-0.0001	0.3487	0.3602	1
0.0001	0.0931	0.3604	-0.0001	0.0929	0.3602	1
0.0001	0.0001	0.358	-0.0001	-0.0001	0.3578	1
0.0001	0.1164	0.3604	-0.0001	0.1162	0.3602	1
0.0001	0.1396	0.3604	-0.0001	0.1394	0.3602	1
0.0001	0.0001	0.3604	-0.0001	-0.0001	0.3602	1
0.0001	0.1861	0.361	-0.0001	0.1859	0.3608	1
0.0001	0.3954	0.4215	-0.0001	0.3952	0.4213	1
0.0001	0.0699	0.3604	-0.0001	0.0697	0.3602	1
0.0001	0.0001	0.3604	-0.0001	-0.0001	0.3602	1
0.0001	0.0466	0.3604	-0.0001	0.0464	0.3602	1
0.0001	0.1861	0.3604	-0.0001	0.1859	0.3602	1
0.0001	0.0001	0.3604	-0.0001	-0.0001	0.3602	1
0.0001	0.0001	0.3604	-0.0001	-0.0001	0.3602	1
0.0001	0.0234	0.3598	-0.0001	0.0232	0.3596	1
0.0001	0.1396	0.3604	-0.0001	0.1394	0.3602	1
0.0001	0.0466	0.361	-0.0001	0.0464	0.3608	1
0.0001	0.0234	0.3592	-0.0001	0.0232	0.359	1
0.0001	0.0001	0.3604	-0.0001	-0.0001	0.3602	1
0.0001	0.1861	0.3604	-0.0001	0.1859	0.3602	1
0.0001	0.0234	0.3604	-0.0001	0.0232	0.3602	1
0.0001	0.2327	0.4064	-0.0001	0.2325	0.4062	1
0.0001	0.0001	0.3604	-0.0001	-0.0001	0.3602	1
0.0001	0.0234	0.3066	-0.0001	0.0232	0.3064	1
0.0001	0.0234	0.3604	-0.0001	0.0232	0.3602	1
0.2728	0.2792	0.3604	0.2726	0.279	0.3602	1
0.0001	0.6048	0.3604	-0.0001	0.6046	0.3602	1
0.2728	0.2094	0.3604	0.2726	0.2092	0.3602	1
0.0001	0.1629	0.517	-0.0001	0.1627	0.5168	1
0.0001	0.0931	0.349	-0.0001	0.0929	0.3488	1
0.0001	0.0001	0.3604	-0.0001	-0.0001	0.3602	1
0.0001	0.3257	0.3604	-0.0001	0.3255	0.3602	1
0.0001	0.0234	0.361	-0.0001	0.0232	0.3608	1
0.0001	0.0001	0.3604	-0.0001	-0.0001	0.3602	1
0.0001	0.535	0.361	-0.0001	0.5348	0.3608	1
0.091	0.2792	0.3604	0.0908	0.279	0.3602	1
0.0001	0.1164	0.361	-0.0001	0.1162	0.3608	1
0.0001	0.0234	0.3604	-0.0001	0.0232	0.3602	1
0.0001	0.0234	0.3604	-0.0001	0.0232	0.3602	1
0.0001	0.2792	0.3737	-0.0001	0.279	0.3735	1
0.0001	0.0699	0.3604	-0.0001	0.0697	0.3602	1
0.0001	0.2327	0.3604	-0.0001	0.2325	0.3602	1
0.0001	0.0466	0.3435	-0.0001	0.0464	0.3433	1
0.0001	0.1629	0.3357	-0.0001	0.1627	0.3355	1
0.0001	0.0001	0.3604	-0.0001	-0.0001	0.3602	1
0.0001	0.0466	0.3405	-0.0001	0.0464	0.3403	1
0.0001	0.0234	0.5454	-0.0001	0.0232	0.5452	1
0.0001	0.0931	0.1742	-0.0001	0.0929	0.174	1
0.0001	0.0466	0.3604	-0.0001	0.0464	0.3602	1
0.0001	0.0001	0.3604	-0.0001	-0.0001	0.3602	1
0.0001	0.2792	0.3604	-0.0001	0.279	0.3602	1
0.0001	0.0234	0.3477	-0.0001	0.0232	0.3475	1
0.0001	0.0466	0.335	-0.0001	0.0464	0.3348	1
0.0001	0.0234	0.3447	-0.0001	0.0232	0.3445	1
0.0001	0.0001	0.3604	-0.0001	-0.0001	0.3602	1
0.091	0.0001	0.3604	0.0908	-0.0001	0.3602	1
0.0001	0.0234	0.3604	-0.0001	0.0232	0.3602	1
0.0001	0.0699	0.3471	-0.0001	0.0697	0.3469	1
0.0001	0.1164	0.3604	-0.0001	0.1162	0.3602	1
0.0001	0.1164	0.361	-0.0001	0.1162	0.3608	1
0.0001	0.0001	0.3604	-0.0001	-0.0001	0.3602	1
0.0001	0.0699	0.3604	-0.0001	0.0697	0.3602	1
0.0001	0.0931	0.361	-0.0001	0.0929	0.3608	1
0.0001	0.0001	0.3604	-0.0001	-0.0001	0.3602	1
0.1819	0.3257	0.3604	0.1817	0.3255	0.3602	1
0.091	0.0699	0.361	0.0908	0.0697	0.3608	1
0.0001	0.2792	0.3604	-0.0001	0.279	0.3602	1
0.1819	0.0466	0.3568	0.1817	0.0464	0.3566	1
0.0001	0.0234	0.3604	-0.0001	0.0232	0.3602	1
0.0001	0.0234	0.3604	-0.0001	0.0232	0.3602	1
0.0001	0.0001	0.3604	-0.0001	-0.0001	0.3602	1
0.0001	0.0001	0.3604	-0.0001	-0.0001	0.3602	1
0.0001	0.1861	0.3604	-0.0001	0.1859	0.3602	1
0.0001	0.0001	0.3604	-0.0001	-0.0001	0.3602	1
0.0001	0.0699	0.3604	-0.0001	0.0697	0.3602	1
0.091	0.0234	0.361	0.0908	0.0232	0.3608	1
0.0001	0.0001	0.3604	-0.0001	-0.0001	0.3602	1
0.0001	0.0234	0.3604	-0.0001	0.0232	0.3602	1
0.0001	0.0466	0.361	-0.0001	0.0464	0.3608	1
0.0001	0.0234	0.3604	-0.0001	0.0232	0.3602	1
0.0001	0.0001	0.3604	-0.0001	-0.0001	0.3602	1
0.0001	0.1164	0.3604	-0.0001	0.1162	0.3602	1
0.0001	0.0001	0.3604	-0.0001	-0.0001	0.3602	1
0.0001	0.1629	0.3604	-0.0001	0.1627	0.3602	1
0.0001	0.0001	0.3604	-0.0001	-0.0001	0.3602	1
0.0001	0.1629	0.3604	-0.0001	0.1627	0.3602	1
0.0001	0.0466	0.3296	-0.0001	0.0464	0.3294	1
0.0001	0.0001	0.361	-0.0001	-0.0001	0.3608	1
0.0001	0.1861	0.3604	-0.0001	0.1859	0.3602	1
0.0001	0.0001	0.3604	-0.0001	-0.0001	0.3602	1
0.0001	0.4652	0.361	-0.0001	0.465	0.3608	1
0.0001	0.0466	0.3604	-0.0001	0.0464	0.3602	1
0.0001	0.0001	0.361	-0.0001	-0.0001	0.3608	1
0.0001	0.0931	0.3604	-0.0001	0.0929	0.3602	1
0.0001	0.0466	0.3604	-0.0001	0.0464	0.3602	1
0.0001	0.0001	0.3604	-0.0001	-0.0001	0.3602	1
0.0001	0.1629	0.3604	-0.0001	0.1627	0.3602	1
0.0001	0.0699	0.3604	-0.0001	0.0697	0.3602	1
0.091	0.0234	0.3604	0.0908	0.0232	0.3602	1
0.0001	0.0001	0.3604	-0.0001	-0.0001	0.3602	1
0.0001	0.0001	0.3604	-0.0001	-0.0001	0.3602	1
0.0001	0.0234	0.3604	-0.0001	0.0232	0.3602	1
0.0001	0.0001	0.361	-0.0001	-0.0001	0.3608	1
0.0001	0.0001	0.3604	-0.0001	-0.0001	0.3602	1
0.0001	0.0466	0.3695	-0.0001	0.0464	0.3693	1
0.0001	0.0699	0.3604	-0.0001	0.0697	0.3602	1
0.0001	0.0234	0.3604	-0.0001	0.0232	0.3602	1
0.0001	0.0931	0.3604	-0.0001	0.0929	0.3602	1
0.0001	0.0234	0.361	-0.0001	0.0232	0.3608	1
0.0001	0.0699	0.3604	-0.0001	0.0697	0.3602	1
0.0001	0.0699	0.361	-0.0001	0.0697	0.3608	1
0.0001	0.0699	0.387	-0.0001	0.0697	0.3868	1
0.2728	0.4885	0.361	0.2726	0.4883	0.3608	1
0.0001	0.2327	0.3604	-0.0001	0.2325	0.3602	1
0.0001	0.0234	0.361	-0.0001	0.0232	0.3608	1
0.0001	0.0931	0.3604	-0.0001	0.0929	0.3602	1
0.0001	0.3024	0.3604	-0.0001	0.3022	0.3602	1
0.0001	0.0234	0.361	-0.0001	0.0232	0.3608	1
0.0001	0.0234	0.361	-0.0001	0.0232	0.3608	1
0.0001	0.2327	0.3592	-0.0001	0.2325	0.359	1
0.0001	0.0931	0.3604	-0.0001	0.0929	0.3602	1
0.0001	0.1164	0.3604	-0.0001	0.1162	0.3602	1
0.0001	0.0001	0.361	-0.0001	-0.0001	0.3608	1
0.0001	0.0234	0.3604	-0.0001	0.0232	0.3602	1
0.0001	0.0234	0.3604	-0.0001	0.0232	0.3602	1
0.0001	0.0931	0.3604	-0.0001	0.0929	0.3602	1
0.091	0.1861	0.3604	0.0908	0.1859	0.3602	1
0.0001	0.3489	0.3604	-0.0001	0.3487	0.3602	1
0.0001	0.5582	0.3604	-0.0001	0.558	0.3602	1
0.0001	0.1164	0.3604	-0.0001	0.1162	0.3602	1
0.0001	0.1861	0.3604	-0.0001	0.1859	0.3602	1
0.0001	0.0001	0.361	-0.0001	-0.0001	0.3608	1
0.0001	0.0234	0.3604	-0.0001	0.0232	0.3602	1
0.0001	0.0234	0.3604	-0.0001	0.0232	0.3602	1
0.0001	0.0001	0.3604	-0.0001	-0.0001	0.3602	1
0.0001	0.0234	0.3604	-0.0001	0.0232	0.3602	1
0.0001	0.0001	0.3604	-0.0001	-0.0001	0.3602	1
0.091	0.0001	0.361	0.0908	-0.0001	0.3608	1
0.091	0.0234	0.3604	0.0908	0.0232	0.3602	1
0.0001	0.0001	0.3604	-0.0001	-0.0001	0.3602	1
0.0001	0.0699	0.3453	-0.0001	0.0697	0.3451	1
0.0001	0.0234	0.3604	-0.0001	0.0232	0.3602	1
0.0001	0.1629	0.361	-0.0001	0.1627	0.3608	1
0.0001	0.0699	0.3604	-0.0001	0.0697	0.3602	1
0.0001	0.1629	0.3604	-0.0001	0.1627	0.3602	1
0.0001	0.0466	0.361	-0.0001	0.0464	0.3608	1
0.0001	0.0234	0.3592	-0.0001	0.0232	0.359	1
0.0001	0.0001	0.3604	-0.0001	-0.0001	0.3602	1
0.0001	0.0931	0.2637	-0.0001	0.0929	0.2635	1
0.091	0.1861	0.3604	0.0908	0.1859	0.3602	1
0.0001	0.0699	0.3604	-0.0001	0.0697	0.3602	1
0.0001	0.0001	0.3604	-0.0001	-0.0001	0.3602	1
0.0001	0.0466	0.3604	-0.0001	0.0464	0.3602	1
0.0001	0.0234	0.361	-0.0001	0.0232	0.3608	1
0.091	0.0001	0.3604	0.0908	-0.0001	0.3602	1
0.0001	0.0466	0.3556	-0.0001	0.0464	0.3554	1
0.0001	0.0234	0.3604	-0.0001	0.0232	0.3602	1
0.0001	0.0001	0.3604	-0.0001	-0.0001	0.3602	1
0.0001	0.0001	0.3604	-0.0001	-0.0001	0.3602	1
0.0001	0.0001	0.3604	-0.0001	-0.0001	0.3602	1
0.0001	0.0699	0.361	-0.0001	0.0697	0.3608	1
0.0001	0.3954	0.3604	-0.0001	0.3952	0.3602	1
0.0001	0.0234	0.3423	-0.0001	0.0232	0.3421	1
0.0001	0.0001	0.361	-0.0001	-0.0001	0.3608	1
0.0001	0.0001	0.358	-0.0001	-0.0001	0.3578	1
0.0001	0.0699	0.361	-0.0001	0.0697	0.3608	1
0.0001	0.1629	0.3604	-0.0001	0.1627	0.3602	1
0.0001	0.0234	0.3604	-0.0001	0.0232	0.3602	1
0.0001	0.1164	0.3604	-0.0001	0.1162	0.3602	1
0.0001	0.1164	0.5436	-0.0001	0.1162	0.5434	1
0.0001	0.1396	0.361	-0.0001	0.1394	0.3608	1
0.0001	0.0699	0.3604	-0.0001	0.0697	0.3602	1
0.0001	0.0001	0.3604	-0.0001	-0.0001	0.3602	1
0.0001	0.4652	0.361	-0.0001	0.465	0.3608	1
0.0001	0.1861	0.3604	-0.0001	0.1859	0.3602	1
0.0001	0.0466	0.3604	-0.0001	0.0464	0.3602	1
0.0001	0.0466	0.3604	-0.0001	0.0464	0.3602	1
0.0001	0.1861	0.3604	-0.0001	0.1859	0.3602	1
0.0001	0.0466	0.3604	-0.0001	0.0464	0.3602	1
0.0001	0.4187	0.3604	-0.0001	0.4185	0.3602	1
0.0001	0.6745	0.3604	-0.0001	0.6743	0.3602	1
0.0001	0.0234	0.361	-0.0001	0.0232	0.3608	1
0.0001	0.0234	0.3604	-0.0001	0.0232	0.3602	1
0.0001	0.1164	0.3326	-0.0001	0.1162	0.3324	1
0.0001	0.4187	0.3586	-0.0001	0.4185	0.3584	1
0.0001	0.535	0.228	-0.0001	0.5348	0.2278	1
0.0001	0.0001	0.3604	-0.0001	-0.0001	0.3602	1
0.0001	0.1396	0.3604	-0.0001	0.1394	0.3602	1
0.0001	0.0931	0.329	-0.0001	0.0929	0.3288	1
0.0001	0.0931	0.3604	-0.0001	0.0929	0.3602	1
0.2728	0.0466	0.3604	0.2726	0.0464	0.3602	1
0.0001	0.0234	0.3604	-0.0001	0.0232	0.3602	1
0.0001	0.0001	0.361	-0.0001	-0.0001	0.3608	1
0.0001	0.0466	0.3604	-0.0001	0.0464	0.3602	1
0.0001	0.0234	0.3604	-0.0001	0.0232	0.3602	1
0.0001	0.0001	0.3604	-0.0001	-0.0001	0.3602	1
0.0001	0.0931	0.3604	-0.0001	0.0929	0.3602	1
0.0001	0.0001	0.3604	-0.0001	-0.0001	0.3602	1
0.0001	0.2327	0.361	-0.0001	0.2325	0.3608	1
0.0001	0.0001	0.3604	-0.0001	-0.0001	0.3602	1
0.0001	0.3722	0.3604	-0.0001	0.372	0.3602	1
0.0001	0.0466	0.3604	-0.0001	0.0464	0.3602	1
0.0001	0.0001	0.3604	-0.0001	-0.0001	0.3602	1
0.0001	0.0466	0.3604	-0.0001	0.0464	0.3602	1
0.0001	0.1861	0.3604	-0.0001	0.1859	0.3602	1
0.0001	0.0466	0.3556	-0.0001	0.0464	0.3554	1
0.0001	0.1164	0.3441	-0.0001	0.1162	0.3439	1
0.0001	0.0234	0.3604	-0.0001	0.0232	0.3602	1
0.0001	0.1164	0.3604	-0.0001	0.1162	0.3602	1
0.0001	0.0001	0.3604	-0.0001	-0.0001	0.3602	1
0.0001	0.0466	0.3604	-0.0001	0.0464	0.3602	1
0.0001	0.0234	0.3598	-0.0001	0.0232	0.3596	1
0.0001	0.0001	0.3604	-0.0001	-0.0001	0.3602	1
0.091	0.0234	0.3604	0.0908	0.0232	0.3602	1
0.0001	0.0234	0.3604	-0.0001	0.0232	0.3602	1
0.0001	0.0234	0.3604	-0.0001	0.0232	0.3602	1
0.091	0.0001	0.3604	0.0908	-0.0001	0.3602	1
0.0001	0.0001	0.361	-0.0001	-0.0001	0.3608	1
0.0001	0.0001	0.361	-0.0001	-0.0001	0.3608	1
0.0001	0.0001	0.3604	-0.0001	-0.0001	0.3602	1
0.0001	0.1861	0.297	-0.0001	0.1859	0.2968	1
0.0001	0.1164	0.3604	-0.0001	0.1162	0.3602	1
0.0001	0.0001	0.3604	-0.0001	-0.0001	0.3602	1
0.0001	0.0001	0.3604	-0.0001	-0.0001	0.3602	1
0.0001	0.0931	0.4427	-0.0001	0.0929	0.4425	1
0.5456	0.1861	0.3792	0.5454	0.1859	0.379	1
0.0001	0.0699	0.3604	-0.0001	0.0697	0.3602	1
0.0001	0.2559	0.3604	-0.0001	0.2557	0.3602	1
0.0001	0.0001	0.361	-0.0001	-0.0001	0.3608	1
0.0001	0.0466	0.361	-0.0001	0.0464	0.3608	1
0.0001	0.0466	0.3604	-0.0001	0.0464	0.3602	1
0.0001	0.3722	0.3109	-0.0001	0.372	0.3107	1
0.0001	0.0466	0.3604	-0.0001	0.0464	0.3602	1
0.0001	0.0931	0.3453	-0.0001	0.0929	0.3451	1
0.0001	0.0234	0.3508	-0.0001	0.0232	0.3506	1
0.0001	0.0001	0.361	-0.0001	-0.0001	0.3608	1
0.0001	0.3024	0.3604	-0.0001	0.3022	0.3602	1
0.0001	0.0001	0.361	-0.0001	-0.0001	0.3608	1
0.0001	0.0001	0.3604	-0.0001	-0.0001	0.3602	1
0.0001	0.3257	0.6609	-0.0001	0.3255	0.6607	1
0.0001	0.0234	0.3604	-0.0001	0.0232	0.3602	1
0.0001	0.0466	0.3604	-0.0001	0.0464	0.3602	1
0.0001	0.0001	0.3604	-0.0001	-0.0001	0.3602	1
0.0001	0.0234	0.3	-0.0001	0.0232	0.2998	1
0.0001	0.2792	0.3604	-0.0001	0.279	0.3602	1
0.0001	0.2094	0.3604	-0.0001	0.2092	0.3602	1
0.0001	0.0001	0.3604	-0.0001	-0.0001	0.3602	1
0.0001	0.1629	0.3604	-0.0001	0.1627	0.3602	1
0.0001	0.0001	0.3604	-0.0001	-0.0001	0.3602	1
0.0001	0.0001	0.3604	-0.0001	-0.0001	0.3602	1
0.0001	0.0001	0.361	-0.0001	-0.0001	0.3608	1
0.0001	0.0234	0.3405	-0.0001	0.0232	0.3403	1
0.0001	0.3024	0.2069	-0.0001	0.3022	0.2067	1
0.0001	0.0234	0.3604	-0.0001	0.0232	0.3602	1
0.0001	0.0001	0.361	-0.0001	-0.0001	0.3608	1
0.0001	0.0001	0.3598	-0.0001	-0.0001	0.3596	1
0.0001	0.0001	0.3604	-0.0001	-0.0001	0.3602	1
0.0001	0.0001	0.3604	-0.0001	-0.0001	0.3602	1
0.2728	0.0001	0.3604	0.2726	-0.0001	0.3602	1
0.0001	0.0931	0.361	-0.0001	0.0929	0.3608	1
0.0001	0.0001	0.3604	-0.0001	-0.0001	0.3602	1
0.0001	0.535	0.3792	-0.0001	0.5348	0.379	1
0.091	0.0234	0.3604	0.0908	0.0232	0.3602	1
0.0001	0.0001	0.3604	-0.0001	-0.0001	0.3602	1
0.0001	0.0931	0.361	-0.0001	0.0929	0.3608	1
0.0001	0.0931	0.3211	-0.0001	0.0929	0.3209	1
0.0001	0.0001	0.3604	-0.0001	-0.0001	0.3602	1
0.0001	0.0699	0.3604	-0.0001	0.0697	0.3602	1
0.1819	0.0234	0.3604	0.1817	0.0232	0.3602	1
0.0001	0.0234	0.3604	-0.0001	0.0232	0.3602	1
0.0001	0.0001	0.3604	-0.0001	-0.0001	0.3602	1
0.0001	0.0466	0.3604	-0.0001	0.0464	0.3602	1
0.0001	0.0699	0.4239	-0.0001	0.0697	0.4237	1
0.0001	0.0234	0.3604	-0.0001	0.0232	0.3602	1
0.0001	0.1396	0.3604	-0.0001	0.1394	0.3602	1
0.0001	0.2094	0.361	-0.0001	0.2092	0.3608	1
0.0001	0.0001	0.3604	-0.0001	-0.0001	0.3602	1
0.0001	0.0001	0.361	-0.0001	-0.0001	0.3608	1
0.0001	0.0931	0.361	-0.0001	0.0929	0.3608	1
0.0001	0.0234	0.3604	-0.0001	0.0232	0.3602	1
0.0001	0.0234	0.3604	-0.0001	0.0232	0.3602	1
0.0001	0.0234	0.3604	-0.0001	0.0232	0.3602	1
0.0001	0.0931	0.7383	-0.0001	0.0929	0.7381	1
0.0001	0.0001	0.3604	-0.0001	-0.0001	0.3602	1
0.0001	0.0001	0.361	-0.0001	-0.0001	0.3608	1
0.0001	0.1629	0.361	-0.0001	0.1627	0.3608	1
0.0001	0.0001	0.3604	-0.0001	-0.0001	0.3602	1
0.0001	0.3722	0.3326	-0.0001	0.372	0.3324	1
0.091	0.0001	0.3604	0.0908	-0.0001	0.3602	1
0.0001	0.0001	0.3604	-0.0001	-0.0001	0.3602	1
0.0001	0.0001	0.3604	-0.0001	-0.0001	0.3602	1
0.0001	0.0001	0.361	-0.0001	-0.0001	0.3608	1
0.0001	0.0234	0.3604	-0.0001	0.0232	0.3602	1
0.0001	0.1396	0.3502	-0.0001	0.1394	0.35	1
0.0001	0.0234	0.3604	-0.0001	0.0232	0.3602	1
0.0001	0.0001	0.3604	-0.0001	-0.0001	0.3602	1
0.0001	0.0234	0.3604	-0.0001	0.0232	0.3602	1
0.0001	0.0466	0.3604	-0.0001	0.0464	0.3602	1
0.0001	0.0001	0.361	-0.0001	-0.0001	0.3608	1
0.091	0.1629	0.771	0.0908	0.1627	0.7708	1
0.0001	0.0001	0.3604	-0.0001	-0.0001	0.3602	1
0.0001	0.0001	0.3604	-0.0001	-0.0001	0.3602	1
0.0001	0.0001	0.361	-0.0001	-0.0001	0.3608	1
0.0001	0.1629	0.3604	-0.0001	0.1627	0.3602	1
0.0001	0.0234	0.3604	-0.0001	0.0232	0.3602	1
0.0001	0.0001	0.3604	-0.0001	-0.0001	0.3602	1
0.0001	0.0699	0.3604	-0.0001	0.0697	0.3602	1
0.0001	0.0234	0.3308	-0.0001	0.0232	0.3306	1
0.0001	0.3489	0.361	-0.0001	0.3487	0.3608	1
0.0001	0.0001	0.3604	-0.0001	-0.0001	0.3602	1
0.0001	0.3024	0.3604	-0.0001	0.3022	0.3602	1
0.0001	0.0001	0.3604	-0.0001	-0.0001	0.3602	1
0.0001	0.0001	0.3604	-0.0001	-0.0001	0.3602	1
0.0001	0.0931	0.3592	-0.0001	0.0929	0.359	1
0.0001	0.0699	0.3604	-0.0001	0.0697	0.3602	1
0.0001	0.0234	0.4209	-0.0001	0.0232	0.4207	1
0.1819	0.1164	0.3604	0.1817	0.1162	0.3602	1
0.0001	0.0001	0.3598	-0.0001	-0.0001	0.3596	1
0.0001	0.1861	0.3604	-0.0001	0.1859	0.3602	1
0.0001	0.3024	0.3604	-0.0001	0.3022	0.3602	1
0.0001	0.1164	0.3604	-0.0001	0.1162	0.3602	1
0.0001	0.1861	0.3604	-0.0001	0.1859	0.3602	1
0.0001	0.1164	0.3604	-0.0001	0.1162	0.3602	1
0.0001	0.0466	0.361	-0.0001	0.0464	0.3608	1
0.0001	0.0001	0.361	-0.0001	-0.0001	0.3608	1
0.0001	0.1396	0.3302	-0.0001	0.1394	0.33	1
0.0001	0.0001	0.361	-0.0001	-0.0001	0.3608	1
0.0001	0.1164	0.4076	-0.0001	0.1162	0.4074	1
0.0001	0.0699	0.3604	-0.0001	0.0697	0.3602	1
0.0001	0.3024	0.3604	-0.0001	0.3022	0.3602	1
0.0001	0.0234	0.3604	-0.0001	0.0232	0.3602	1
0.0001	0.0001	0.361	-0.0001	-0.0001	0.3608	1
0.0001	0.0234	0.3604	-0.0001	0.0232	0.3602	1
0.0001	0.1629	0.3532	-0.0001	0.1627	0.353	1
0.0001	0.0234	0.361	-0.0001	0.0232	0.3608	1
0.0001	0.0001	0.361	-0.0001	-0.0001	0.3608	1
0.0001	0.0466	0.3604	-0.0001	0.0464	0.3602	1
0.0001	0.3489	0.3604	-0.0001	0.3487	0.3602	1
0.0001	0.0234	0.3604	-0.0001	0.0232	0.3602	1
0.0001	0.0001	0.3604	-0.0001	-0.0001	0.3602	1
0.0001	0.2792	0.3604	-0.0001	0.279	0.3602	1
0.1819	0.4652	0.3604	0.1817	0.465	0.3602	1
0.0001	0.1396	0.3604	-0.0001	0.1394	0.3602	1
0.0001	0.2094	0.3604	-0.0001	0.2092	0.3602	1
0.0001	0.0234	0.3483	-0.0001	0.0232	0.3481	1
0.0001	0.1629	0.3604	-0.0001	0.1627	0.3602	1
0.0001	0.0466	0.3556	-0.0001	0.0464	0.3554	1
0.0001	0.0001	0.3604	-0.0001	-0.0001	0.3602	1
0.0001	0.0466	0.3604	-0.0001	0.0464	0.3602	1
0.0001	0.0234	0.3604	-0.0001	0.0232	0.3602	1
0.0001	0.0466	0.3223	-0.0001	0.0464	0.3221	1
0.0001	0.442	0.3508	-0.0001	0.4418	0.3506	1
0.0001	0.0699	0.3604	-0.0001	0.0697	0.3602	1
0.0001	0.0001	0.3604	-0.0001	-0.0001	0.3602	1
0.0001	0.0699	0.3604	-0.0001	0.0697	0.3602	1
0.0001	0.0001	0.3604	-0.0001	-0.0001	0.3602	1
0.0001	0.0466	0.3604	-0.0001	0.0464	0.3602	1
0.0001	0.0466	0.3889	-0.0001	0.0464	0.3887	1
0.0001	0.0234	0.3604	-0.0001	0.0232	0.3602	1
0.0001	0.3954	0.3604	-0.0001	0.3952	0.3602	1
0.0001	0.1396	0.3604	-0.0001	0.1394	0.3602	1
0.0001	0.0001	0.3604	-0.0001	-0.0001	0.3602	1
0.0001	0.0466	0.176	-0.0001	0.0464	0.1758	1
0.0001	0.0234	0.3604	-0.0001	0.0232	0.3602	1
0.0001	0.0699	0.3604	-0.0001	0.0697	0.3602	1
0.0001	0.1629	0.3604	-0.0001	0.1627	0.3602	1
0.0001	0.0001	0.3604	-0.0001	-0.0001	0.3602	1
0.0001	0.0001	0.3604	-0.0001	-0.0001	0.3602	1
0.0001	0.0234	0.41	-0.0001	0.0232	0.4098	1
0.0001	0.0234	0.335	-0.0001	0.0232	0.3348	1
0.0001	0.5815	0.3604	-0.0001	0.5813	0.3602	1
0.0001	0.0001	0.3604	-0.0001	-0.0001	0.3602	1
0.0001	0.0001	0.3604	-0.0001	-0.0001	0.3602	1
0.0001	0.0234	0.361	-0.0001	0.0232	0.3608	1
0.0001	0.1629	0.3604	-0.0001	0.1627	0.3602	1
0.0001	0.0001	0.3604	-0.0001	-0.0001	0.3602	1
0.0001	0.4187	0.2921	-0.0001	0.4185	0.2919	1
0.0001	0.4187	0.3604	-0.0001	0.4185	0.3602	1
0.0001	0.0001	0.3604	-0.0001	-0.0001	0.3602	1
0.0001	0.1629	0.3604	-0.0001	0.1627	0.3602	1
0.0001	0.0001	0.361	-0.0001	-0.0001	0.3608	1
0.0001	0.0001	0.3604	-0.0001	-0.0001	0.3602	1
0.0001	0.0001	0.361	-0.0001	-0.0001	0.3608	1
0.091	0.0234	0.3604	0.0908	0.0232	0.3602	1
0.0001	0.0234	0.352	-0.0001	0.0232	0.3518	1
0.0001	0.2792	0.3604	-0.0001	0.279	0.3602	1
0.0001	0.0699	0.2655	-0.0001	0.0697	0.2653	1
0.0001	0.0234	0.3604	-0.0001	0.0232	0.3602	1
0.0001	0.0234	0.3604	-0.0001	0.0232	0.3602	1
0.091	0.0466	0.3604	0.0908	0.0464	0.3602	1
0.0001	0.0001	0.3604	-0.0001	-0.0001	0.3602	1
0.0001	0.0931	0.3556	-0.0001	0.0929	0.3554	1
0.0001	0.0466	0.3604	-0.0001	0.0464	0.3602	1
0.0001	0.0466	0.3604	-0.0001	0.0464	0.3602	1
0.0001	0.4652	0.3604	-0.0001	0.465	0.3602	1
0.0001	0.1164	0.3604	-0.0001	0.1162	0.3602	1
0.0001	0.0001	0.361	-0.0001	-0.0001	0.3608	1
0.0001	0.2094	0.3604	-0.0001	0.2092	0.3602	1
0.0001	0.1629	0.3604	-0.0001	0.1627	0.3602	1
0.0001	0.0001	0.3604	-0.0001	-0.0001	0.3602	1
0.0001	0.0466	0.3604	-0.0001	0.0464	0.3602	1
0.0001	0.0001	0.3604	-0.0001	-0.0001	0.3602	1
0.091	0.0466	0.3604	0.0908	0.0464	0.3602	1
0.091	0.3722	0.3604	0.0908	0.372	0.3602	1
0.0001	0.0234	0.3217	-0.0001	0.0232	0.3215	1
0.0001	0.3722	0.3604	-0.0001	0.372	0.3602	1
0.0001	0.2327	0.3604	-0.0001	0.2325	0.3602	1
0.0001	0.0466	0.3272	-0.0001	0.0464	0.327	1
0.0001	0.0699	0.3363	-0.0001	0.0697	0.3361	1
0.0001	0.0466	0.3604	-0.0001	0.0464	0.3602	1
0.0001	0.0466	0.3604	-0.0001	0.0464	0.3602	1
0.091	0.1164	0.3604	0.0908	0.1162	0.3602	1
0.0001	0.0466	0.3471	-0.0001	0.0464	0.3469	1
0.0001	0.8838	0.2933	-0.0001	0.8836	0.2931	1
0.091	0.0931	0.3604	0.0908	0.0929	0.3602	1
0.0001	0.0234	0.3604	-0.0001	0.0232	0.3602	1
0.0001	0.0001	0.5974	-0.0001	-0.0001	0.5972	1
0.0001	0.0466	0.7051	-0.0001	0.0464	0.7049	1
0.1819	0.0931	0.3604	0.1817	0.0929	0.3602	1
0.0001	0.0234	0.361	-0.0001	0.0232	0.3608	1
0.0001	0.0001	0.361	-0.0001	-0.0001	0.3608	1
0.0001	0.2559	0.3604	-0.0001	0.2557	0.3602	1
0.0001	0.0001	0.3604	-0.0001	-0.0001	0.3602	1
0.0001	0.0234	0.3604	-0.0001	0.0232	0.3602	1
0.0001	0.1861	0.361	-0.0001	0.1859	0.3608	1
0.0001	0.0931	0.3604	-0.0001	0.0929	0.3602	1
0.0001	0.442	0.3786	-0.0001	0.4418	0.3784	1
0.091	0.0001	0.3604	0.0908	-0.0001	0.3602	1
0.0001	0.0001	0.3574	-0.0001	-0.0001	0.3572	1
0.0001	0.0466	0.3417	-0.0001	0.0464	0.3415	1
0.0001	0.2327	0.3604	-0.0001	0.2325	0.3602	1
0.091	0.0234	0.3604	0.0908	0.0232	0.3602	1
0.0001	0.0001	0.3604	-0.0001	-0.0001	0.3602	1
0.0001	0.0466	0.3604	-0.0001	0.0464	0.3602	1
0.0001	0.1629	0.3604	-0.0001	0.1627	0.3602	1
0.0001	0.0234	0.3604	-0.0001	0.0232	0.3602	1
0.0001	0.0001	0.3604	-0.0001	-0.0001	0.3602	1
0.0001	0.1396	0.3604	-0.0001	0.1394	0.3602	1
0.0001	0.2094	0.6053	-0.0001	0.2092	0.6051	1
0.0001	0.0234	0.3604	-0.0001	0.0232	0.3602	1
0.0001	0.0699	0.3604	-0.0001	0.0697	0.3602	1
0.0001	0.0466	0.5829	-0.0001	0.0464	0.5827	1
0.0001	0.0699	0.361	-0.0001	0.0697	0.3608	1
0.0001	0.0466	0.3604	-0.0001	0.0464	0.3602	1
0.0001	0.0931	0.361	-0.0001	0.0929	0.3608	1
0.0001	0.0001	0.3604	-0.0001	-0.0001	0.3602	1
0.0001	0.1164	0.3822	-0.0001	0.1162	0.382	1
0.0001	0.0931	0.3338	-0.0001	0.0929	0.3336	1
0.0001	0.0699	0.3483	-0.0001	0.0697	0.3481	1
0.0001	0.0466	0.3604	-0.0001	0.0464	0.3602	1
0.0001	0.0234	0.3604	-0.0001	0.0232	0.3602	1
0.0001	0.0234	0.3604	-0.0001	0.0232	0.3602	1
0.0001	0.0001	0.3604	-0.0001	-0.0001	0.3602	1
0.0001	0.0234	0.3598	-0.0001	0.0232	0.3596	1
0.0001	0.0001	0.3604	-0.0001	-0.0001	0.3602	1
0.0001	0.0234	0.3604	-0.0001	0.0232	0.3602	1
0.0001	0.0001	0.3604	-0.0001	-0.0001	0.3602	1
0.0001	0.0931	0.361	-0.0001	0.0929	0.3608	1
0.0001	0.0466	0.3496	-0.0001	0.0464	0.3494	1
0.0001	0.2792	0.3604	-0.0001	0.279	0.3602	1
0.0001	0.0234	0.3586	-0.0001	0.0232	0.3584	1
0.0001	0.1396	0.3604	-0.0001	0.1394	0.3602	1
0.0001	0.0001	0.361	-0.0001	-0.0001	0.3608	1
0.0001	0.0931	0.4016	-0.0001	0.0929	0.4014	1
0.0001	0.2327	0.2516	-0.0001	0.2325	0.2514	1
0.0001	0.0931	0.3604	-0.0001	0.0929	0.3602	1
0.0001	0.0001	0.3604	-0.0001	-0.0001	0.3602	1
0.0001	0.535	0.3604	-0.0001	0.5348	0.3602	1
0.0001	0.0234	0.1851	-0.0001	0.0232	0.1849	1
0.0001	0.0001	0.3604	-0.0001	-0.0001	0.3602	1
0.0001	0.0001	0.3604	-0.0001	-0.0001	0.3602	1
0.0001	0.0699	0.3604	-0.0001	0.0697	0.3602	1
0.0001	0.2327	0.361	-0.0001	0.2325	0.3608	1
0.0001	0.0234	0.3483	-0.0001	0.0232	0.3481	1
0.0001	0.0234	0.3369	-0.0001	0.0232	0.3367	1
0.0001	0.0234	0.3604	-0.0001	0.0232	0.3602	1
0.0001	0.0234	0.3145	-0.0001	0.0232	0.3143	1
0.0001	0.0001	0.3604	-0.0001	-0.0001	0.3602	1
0.0001	0.0234	0.3604	-0.0001	0.0232	0.3602	1
0.0001	0.0466	0.361	-0.0001	0.0464	0.3608	1
0.0001	0.0699	0.3574	-0.0001	0.0697	0.3572	1
0.0001	0.0466	0.3399	-0.0001	0.0464	0.3397	1
0.0001	0.0234	0.3604	-0.0001	0.0232	0.3602	1
0.0001	0.0001	0.3604	-0.0001	-0.0001	0.3602	1
0.0001	0.0234	0.3604	-0.0001	0.0232	0.3602	1
0.0001	0.0001	0.3604	-0.0001	-0.0001	0.3602	1
0.0001	0.2094	0.4046	-0.0001	0.2092	0.4044	1
0.0001	0.0001	0.3604	-0.0001	-0.0001	0.3602	1
0.0001	0.0699	0.3604	-0.0001	0.0697	0.3602	1
0.0001	0.0234	0.3604	-0.0001	0.0232	0.3602	1
0.0001	0.0001	0.3604	-0.0001	-0.0001	0.3602	1
0.0001	0.1396	0.3604	-0.0001	0.1394	0.3602	1
0.0001	0.0001	0.3604	-0.0001	-0.0001	0.3602	1
0.0001	0.0001	0.3598	-0.0001	-0.0001	0.3596	1
0.0001	0.2327	0.3604	-0.0001	0.2325	0.3602	1
0.0001	0.0001	0.3604	-0.0001	-0.0001	0.3602	1
0.0001	0.3722	0.3604	-0.0001	0.372	0.3602	1
0.0001	0.0001	0.3604	-0.0001	-0.0001	0.3602	1
0.0001	0.1861	0.3604	-0.0001	0.1859	0.3602	1
0.0001	0.0234	0.3139	-0.0001	0.0232	0.3137	1
0.091	0.3722	0.3604	0.0908	0.372	0.3602	1
0.0001	0.0001	0.3604	-0.0001	-0.0001	0.3602	1
0.0001	0.0234	0.355	-0.0001	0.0232	0.3548	1
0.0001	0.2792	0.3163	-0.0001	0.279	0.3161	1
0.091	0.4652	0.3604	0.0908	0.465	0.3602	1
0.0001	0.0001	0.361	-0.0001	-0.0001	0.3608	1
0.0001	0.0001	0.361	-0.0001	-0.0001	0.3608	1
0.0001	0.0001	0.3604	-0.0001	-0.0001	0.3602	1
0.1819	0.0699	0.3604	0.1817	0.0697	0.3602	1
0.0001	0.1164	0.3604	-0.0001	0.1162	0.3602	1
0.091	0.3489	0.4983	0.0908	0.3487	0.4981	1
0.0001	0.0931	0.361	-0.0001	0.0929	0.3608	1
0.0001	0.0466	0.361	-0.0001	0.0464	0.3608	1
0.0001	0.0234	0.3604	-0.0001	0.0232	0.3602	1
0.091	0.1861	0.361	0.0908	0.1859	0.3608	1
0.0001	0.0001	0.3604	-0.0001	-0.0001	0.3602	1
0.0001	0.0699	0.4003	-0.0001	0.0697	0.4001	1
0.0001	0.0699	0.0932	-0.0001	0.0697	0.093	1
0.0001	0.0001	0.3604	-0.0001	-0.0001	0.3602	1
0.0001	0.0001	0.3604	-0.0001	-0.0001	0.3602	1
0.0001	0.0001	0.3604	-0.0001	-0.0001	0.3602	1
0.0001	0.0699	0.3604	-0.0001	0.0697	0.3602	1
0.0001	0.0001	0.3604	-0.0001	-0.0001	0.3602	1
0.0001	0.0001	0.3604	-0.0001	-0.0001	0.3602	1
0.0001	0.1629	0.3604	-0.0001	0.1627	0.3602	1
0.0001	0.1629	0.3598	-0.0001	0.1627	0.3596	1
0.0001	0.0001	0.361	-0.0001	-0.0001	0.3608	1
0.2728	0.0931	0.3604	0.2726	0.0929	0.3602	1
0.0001	0.4187	0.2933	-0.0001	0.4185	0.2931	1
0.0001	0.0234	0.3598	-0.0001	0.0232	0.3596	1
0.0001	0.0001	0.3604	-0.0001	-0.0001	0.3602	1
0.0001	0.0931	0.3604	-0.0001	0.0929	0.3602	1
0.0001	0.1629	0.3604	-0.0001	0.1627	0.3602	1
0.0001	0.3489	0.3381	-0.0001	0.3487	0.3379	1
0.091	0.0001	0.3604	0.0908	-0.0001	0.3602	1
0.0001	0.1861	0.3604	-0.0001	0.1859	0.3602	1
0.0001	0.0001	0.3598	-0.0001	-0.0001	0.3596	1
0.0001	0.0931	0.3604	-0.0001	0.0929	0.3602	1
0.0001	0.0699	0.3574	-0.0001	0.0697	0.3572	1
0.0001	0.0001	0.3604	-0.0001	-0.0001	0.3602	1
0.0001	0.3722	0.361	-0.0001	0.372	0.3608	1
0.091	0.1629	0.3604	0.0908	0.1627	0.3602	1
0.0001	0.0234	0.3604	-0.0001	0.0232	0.3602	1
0.0001	0.0466	0.3453	-0.0001	0.0464	0.3451	1
0.0001	0.0001	0.3604	-0.0001	-0.0001	0.3602	1
0.0001	0.0001	0.361	-0.0001	-0.0001	0.3608	1
0.0001	0.0234	0.3604	-0.0001	0.0232	0.3602	1
0.0001	0.0234	0.3604	-0.0001	0.0232	0.3602	1
0.0001	0.0466	0.3604	-0.0001	0.0464	0.3602	1
0.0001	0.0001	0.3604	-0.0001	-0.0001	0.3602	1
0.0001	0.1396	0.3604	-0.0001	0.1394	0.3602	1
0.0001	0.0234	0.361	-0.0001	0.0232	0.3608	1
0.0001	0.1861	0.361	-0.0001	0.1859	0.3608	1
0.0001	0.1396	0.361	-0.0001	0.1394	0.3608	1
0.0001	0.0001	0.3604	-0.0001	-0.0001	0.3602	1
0.0001	0.0001	0.3604	-0.0001	-0.0001	0.3602	1
0.0001	0.1629	0.439	-0.0001	0.1627	0.4388	1
0.0001	0.0001	0.3604	-0.0001	-0.0001	0.3602	1
0.0001	0.0001	0.3604	-0.0001	-0.0001	0.3602	1
0.0001	0.1164	0.3604	-0.0001	0.1162	0.3602	1
0.0001	0.0234	0.3604	-0.0001	0.0232	0.3602	1
0.0001	0.0001	0.3604	-0.0001	-0.0001	0.3602	1
0.0001	0.1396	0.3604	-0.0001	0.1394	0.3602	1
0.0001	0.2094	0.3604	-0.0001	0.2092	0.3602	1
0.0001	0.0234	0.3604	-0.0001	0.0232	0.3602	1
0.0001	0.0001	0.361	-0.0001	-0.0001	0.3608	1
0.0001	0.0001	0.3604	-0.0001	-0.0001	0.3602	1
0.0001	0.0234	0.3604	-0.0001	0.0232	0.3602	1
0.0001	0.0234	0.3604	-0.0001	0.0232	0.3602	1
0.0001	0.0234	0.361	-0.0001	0.0232	0.3608	1
0.0001	0.1164	0.3604	-0.0001	0.1162	0.3602	1
0.0001	0.0234	0.3604	-0.0001	0.0232	0.3602	1
0.0001	0.0001	0.3604	-0.0001	-0.0001	0.3602	1
0.0001	0.0001	0.3604	-0.0001	-0.0001	0.3602	1
0.0001	0.1861	0.361	-0.0001	0.1859	0.3608	1
0.0001	0.535	0.1615	-0.0001	0.5348	0.1613	1
0.0001	0.0699	0.3526	-0.0001	0.0697	0.3524	1
0.0001	0.2094	0.4705	-0.0001	0.2092	0.4703	1
0.0001	0.0001	0.3604	-0.0001	-0.0001	0.3602	1
0.0001	0.0466	0.3604	-0.0001	0.0464	0.3602	1
0.0001	0.0001	0.3604	-0.0001	-0.0001	0.3602	1
0.0001	0.0234	0.361	-0.0001	0.0232	0.3608	1
0.0001	0.0234	0.3604	-0.0001	0.0232	0.3602	1
0.0001	0.0001	0.361	-0.0001	-0.0001	0.3608	1
0.0001	0.1164	0.5207	-0.0001	0.1162	0.5205	1
0.0001	0.0001	0.3604	-0.0001	-0.0001	0.3602	1
0.0001	0.0234	0.332	-0.0001	0.0232	0.3318	1
0.0001	0.0931	0.361	-0.0001	0.0929	0.3608	1
0.0001	0.0001	0.3604	-0.0001	-0.0001	0.3602	1
0.0001	0.0234	0.361	-0.0001	0.0232	0.3608	1
0.0001	0.0234	0.361	-0.0001	0.0232	0.3608	1
0.0001	0.0001	0.3604	-0.0001	-0.0001	0.3602	1
0.0001	0.3257	0.3604	-0.0001	0.3255	0.3602	1
0.0001	0.0001	0.3604	-0.0001	-0.0001	0.3602	1
0.0001	0.2094	0.3604	-0.0001	0.2092	0.3602	1
0.0001	0.0931	0.4596	-0.0001	0.0929	0.4594	1
0.0001	0.0234	0.3604	-0.0001	0.0232	0.3602	1
0.0001	0.0931	0.361	-0.0001	0.0929	0.3608	1
0.0001	0.1396	0.0467	-0.0001	0.1394	0.0465	1
0.0001	0.0001	0.361	-0.0001	-0.0001	0.3608	1
0.091	0.0931	0.361	0.0908	0.0929	0.3608	1
0.0001	0.0699	0.3604	-0.0001	0.0697	0.3602	1
0.0001	0.1629	0.361	-0.0001	0.1627	0.3608	1
0.0001	0.0699	0.3604	-0.0001	0.0697	0.3602	1
0.0001	0.0001	0.3598	-0.0001	-0.0001	0.3596	1
0.0001	0.0699	0.3604	-0.0001	0.0697	0.3602	1
0.091	0.0234	0.3604	0.0908	0.0232	0.3602	1
0.0001	0.0001	0.361	-0.0001	-0.0001	0.3608	1
0.0001	0.0001	0.3604	-0.0001	-0.0001	0.3602	1
0.0001	0.0001	0.3604	-0.0001	-0.0001	0.3602	1
0.0001	0.0466	0.3604	-0.0001	0.0464	0.3602	1
0.0001	0.0931	0.3604	-0.0001	0.0929	0.3602	1
0.0001	0.0234	0.3538	-0.0001	0.0232	0.3536	1
0.0001	0.0001	0.361	-0.0001	-0.0001	0.3608	1
0.0001	0.0001	0.3604	-0.0001	-0.0001	0.3602	1
0.0001	0.0234	0.3604	-0.0001	0.0232	0.3602	1
0.0001	0.1861	0.3604	-0.0001	0.1859	0.3602	1
0.0001	0.2094	0.361	-0.0001	0.2092	0.3608	1
0.0001	0.0001	0.3604	-0.0001	-0.0001	0.3602	1
0.0001	0.0001	0.3604	-0.0001	-0.0001	0.3602	1
0.0001	0.1861	0.3931	-0.0001	0.1859	0.3929	1
0.0001	0.0001	0.3604	-0.0001	-0.0001	0.3602	1
0.0001	0.0234	0.3387	-0.0001	0.0232	0.3385	1
0.091	0.0001	0.361	0.0908	-0.0001	0.3608	1
0.0001	0.0001	0.3604	-0.0001	-0.0001	0.3602	1
0.0001	0.2327	0.3562	-0.0001	0.2325	0.356	1
0.0001	0.0001	0.361	-0.0001	-0.0001	0.3608	1
0.0001	0.0001	0.361	-0.0001	-0.0001	0.3608	1
0.0001	0.0234	0.3604	-0.0001	0.0232	0.3602	1
0.0001	0.0466	0.5086	-0.0001	0.0464	0.5084	1
0.0001	0.2327	0.3604	-0.0001	0.2325	0.3602	1
0.0001	0.1861	0.3604	-0.0001	0.1859	0.3602	1
0.0001	0.0001	0.3604	-0.0001	-0.0001	0.3602	1
0.0001	0.0466	0.3604	-0.0001	0.0464	0.3602	1
0.091	0.1396	0.3604	0.0908	0.1394	0.3602	1
0.0001	0.628	0.2988	-0.0001	0.6278	0.2986	1
0.0001	0.0234	0.3592	-0.0001	0.0232	0.359	1
0.0001	0.0931	0.3604	-0.0001	0.0929	0.3602	1
0.0001	0.0466	0.3604	-0.0001	0.0464	0.3602	1
0.0001	0.0466	0.3568	-0.0001	0.0464	0.3566	1
0.0001	0.0699	0.3604	-0.0001	0.0697	0.3602	1
0.0001	0.628	0.3604	-0.0001	0.6278	0.3602	1
0.0001	0.1861	0.3496	-0.0001	0.1859	0.3494	1
0.0001	0.0699	0.3604	-0.0001	0.0697	0.3602	1
0.091	0.0001	0.3604	0.0908	-0.0001	0.3602	1
0.0001	0.3954	0.361	-0.0001	0.3952	0.3608	1
0.0001	0.0001	0.3604	-0.0001	-0.0001	0.3602	1
0.0001	0.0234	0.3604	-0.0001	0.0232	0.3602	1
0.0001	0.2327	0.361	-0.0001	0.2325	0.3608	1
0.0001	0.0234	0.3604	-0.0001	0.0232	0.3602	1
0.0001	0.1164	0.3604	-0.0001	0.1162	0.3602	1
0.0001	0.3257	0.361	-0.0001	0.3255	0.3608	1
0.0001	0.0001	0.3598	-0.0001	-0.0001	0.3596	1
0.0001	0.2327	0.3604	-0.0001	0.2325	0.3602	1
0.0001	0.1861	0.361	-0.0001	0.1859	0.3608	1
0.091	0.2792	0.3604	0.0908	0.279	0.3602	1
0.091	0.3722	0.3604	0.0908	0.372	0.3602	1
0.0001	0.1861	0.3604	-0.0001	0.1859	0.3602	1
0.0001	0.2094	0.3604	-0.0001	0.2092	0.3602	1
0.091	0.2559	0.3604	0.0908	0.2557	0.3602	1
0.0001	0.0234	0.3604	-0.0001	0.0232	0.3602	1
0.0001	0.0001	0.3604	-0.0001	-0.0001	0.3602	1
0.0001	0.0699	0.3604	-0.0001	0.0697	0.3602	1
0.0001	0.0466	0.3604	-0.0001	0.0464	0.3602	1
0.0001	0.0234	0.3604	-0.0001	0.0232	0.3602	1
0.0001	0.0001	0.361	-0.0001	-0.0001	0.3608	1
0.1819	0.0466	0.3604	0.1817	0.0464	0.3602	1
0.0001	0.0699	0.361	-0.0001	0.0697	0.3608	1
0.0001	0.3257	0.3604	-0.0001	0.3255	0.3602	1
0.0001	0.1861	0.3097	-0.0001	0.1859	0.3095	1
0.0001	0.0234	0.3604	-0.0001	0.0232	0.3602	1
0.0001	0.0001	0.3604	-0.0001	-0.0001	0.3602	1
0.0001	0.0001	0.3604	-0.0001	-0.0001	0.3602	1
0.0001	0.0699	0.349	-0.0001	0.0697	0.3488	1
0.0001	0.1164	0.3369	-0.0001	0.1162	0.3367	1
0.0001	0.0234	0.3471	-0.0001	0.0232	0.3469	1
0.0001	0.0234	0.3604	-0.0001	0.0232	0.3602	1
0.0001	0.1861	0.361	-0.0001	0.1859	0.3608	1
0.0001	0.0234	0.3604	-0.0001	0.0232	0.3602	1
0.0001	0.1164	0.3604	-0.0001	0.1162	0.3602	1
0.091	0.1164	0.3604	0.0908	0.1162	0.3602	1
0.0001	0.0234	0.361	-0.0001	0.0232	0.3608	1
0.0001	0.1629	0.361	-0.0001	0.1627	0.3608	1
0.0001	0.0931	0.3568	-0.0001	0.0929	0.3566	1
0.0001	0.3257	0.3604	-0.0001	0.3255	0.3602	1
0.0001	0.0234	0.3604	-0.0001	0.0232	0.3602	1
0.0001	0.0234	0.3604	-0.0001	0.0232	0.3602	1
0.0001	0.0001	0.3604	-0.0001	-0.0001	0.3602	1
0.0001	0.0234	0.3604	-0.0001	0.0232	0.3602	1
0.0001	0.3024	0.3604	-0.0001	0.3022	0.3602	1
0.0001	0.0699	0.3604	-0.0001	0.0697	0.3602	1
0.0001	0.0466	0.3604	-0.0001	0.0464	0.3602	1
0.0001	0.0234	0.3604	-0.0001	0.0232	0.3602	1
0.0001	0.0001	0.3604	-0.0001	-0.0001	0.3602	1
0.0001	0.0234	0.3604	-0.0001	0.0232	0.3602	1
0.0001	0.0699	0.3604	-0.0001	0.0697	0.3602	1
0.0001	0.0001	0.3604	-0.0001	-0.0001	0.3602	1
0.0001	0.0001	0.3604	-0.0001	-0.0001	0.3602	1
0.0001	0.0466	0.361	-0.0001	0.0464	0.3608	1
0.0001	0.2559	0.3604	-0.0001	0.2557	0.3602	1
0.0001	0.0001	0.3604	-0.0001	-0.0001	0.3602	1
0.0001	0.0931	0.3604	-0.0001	0.0929	0.3602	1
0.0001	0.0001	0.3604	-0.0001	-0.0001	0.3602	1
0.0001	0.0466	0.361	-0.0001	0.0464	0.3608	1
0.0001	0.0001	0.3604	-0.0001	-0.0001	0.3602	1
0.0001	0.0699	0.3737	-0.0001	0.0697	0.3735	1
0.0001	0.1629	0.3604	-0.0001	0.1627	0.3602	1
0.0001	0.0234	0.361	-0.0001	0.0232	0.3608	1
0.0001	0.0466	0.361	-0.0001	0.0464	0.3608	1
0.0001	0.0466	0.3604	-0.0001	0.0464	0.3602	1
0.0001	0.0466	0.3604	-0.0001	0.0464	0.3602	1
0.0001	0.3489	0.361	-0.0001	0.3487	0.3608	1
0.0001	0.2327	0.3604	-0.0001	0.2325	0.3602	1
0.0001	0.0466	0.3604	-0.0001	0.0464	0.3602	1
0.0001	0.0234	0.3598	-0.0001	0.0232	0.3596	1
0.091	0.1861	0.3604	0.0908	0.1859	0.3602	1
0.0001	0.0466	0.361	-0.0001	0.0464	0.3608	1
0.1819	0.0931	0.3653	0.1817	0.0929	0.3651	1
0.0001	0.5117	0.3604	-0.0001	0.5115	0.3602	1
0.0001	0.3489	0.3604	-0.0001	0.3487	0.3602	1
0.0001	0.0001	0.3604	-0.0001	-0.0001	0.3602	1
0.091	0.2792	0.3604	0.0908	0.279	0.3602	1
0.0001	0.6048	0.3483	-0.0001	0.6046	0.3481	1
0.0001	0.0466	0.3604	-0.0001	0.0464	0.3602	1
0.0001	0.0466	0.3604	-0.0001	0.0464	0.3602	1
0.0001	0.1861	0.3604	-0.0001	0.1859	0.3602	1
0.0001	0.0001	0.3604	-0.0001	-0.0001	0.3602	1
0.0001	0.2094	0.361	-0.0001	0.2092	0.3608	1
0.091	0.4187	0.361	0.0908	0.4185	0.3608	1
0.0001	0.0001	0.3598	-0.0001	-0.0001	0.3596	1
0.0001	0.0001	0.361	-0.0001	-0.0001	0.3608	1
0.0001	0.0001	0.3604	-0.0001	-0.0001	0.3602	1
0.0001	0.0234	0.3604	-0.0001	0.0232	0.3602	1
0.0001	0.0001	0.3604	-0.0001	-0.0001	0.3602	1
0.0001	0.0234	0.4197	-0.0001	0.0232	0.4195	1
0.0001	0.0234	0.3604	-0.0001	0.0232	0.3602	1
0.0001	0.0466	0.3604	-0.0001	0.0464	0.3602	1
0.0001	0.0699	0.3604	-0.0001	0.0697	0.3602	1
0.0001	0.1164	0.3604	-0.0001	0.1162	0.3602	1
0.0001	0.1629	0.3357	-0.0001	0.1627	0.3355	1
0.0001	0.0001	0.3604	-0.0001	-0.0001	0.3602	1
0.0001	0.1164	0.329	-0.0001	0.1162	0.3288	1
0.1819	0.1861	0.3604	0.1817	0.1859	0.3602	1
0.0001	0.0001	0.3604	-0.0001	-0.0001	0.3602	1
0.0001	0.2327	0.3574	-0.0001	0.2325	0.3572	1
0.0001	0.0001	0.3604	-0.0001	-0.0001	0.3602	1
0.0001	0.535	0.323	-0.0001	0.5348	0.3228	1
0.0001	0.0466	0.3604	-0.0001	0.0464	0.3602	1
0.0001	0.0001	0.3604	-0.0001	-0.0001	0.3602	1
0.0001	0.3024	0.3604	-0.0001	0.3022	0.3602	1
0.0001	0.1164	0.361	-0.0001	0.1162	0.3608	1
0.0001	0.0001	0.6772	-0.0001	-0.0001	0.677	1
0.0001	0.0931	0.3961	-0.0001	0.0929	0.3959	1
0.0001	0.1164	0.3604	-0.0001	0.1162	0.3602	1
0.0001	0.5117	0.3604	-0.0001	0.5115	0.3602	1
0.0001	0.0699	0.3302	-0.0001	0.0697	0.33	1
0.0001	0.0001	0.361	-0.0001	-0.0001	0.3608	1
0.0001	0.0234	0.3604	-0.0001	0.0232	0.3602	1
0.0001	0.1629	0.361	-0.0001	0.1627	0.3608	1
0.0001	0.0001	0.3604	-0.0001	-0.0001	0.3602	1
0.0001	0.0931	0.8127	-0.0001	0.0929	0.8125	1
0.0001	0.0001	0.3604	-0.0001	-0.0001	0.3602	1
0.0001	0.0234	0.361	-0.0001	0.0232	0.3608	1
0.0001	0.0234	0.361	-0.0001	0.0232	0.3608	1
0.091	0.0699	0.3604	0.0908	0.0697	0.3602	1
0.0001	0.0699	0.3604	-0.0001	0.0697	0.3602	1
0.0001	0.0234	0.361	-0.0001	0.0232	0.3608	1
0.0001	0.0699	0.3604	-0.0001	0.0697	0.3602	1
0.091	0.3489	0.3604	0.0908	0.3487	0.3602	1
0.091	0.0001	0.3604	0.0908	-0.0001	0.3602	1
0.0001	0.0234	0.3604	-0.0001	0.0232	0.3602	1
0.091	0.0931	0.3544	0.0908	0.0929	0.3542	1
0.0001	0.0931	0.361	-0.0001	0.0929	0.3608	1
0.091	0.3489	0.3604	0.0908	0.3487	0.3602	1
0.0001	0.0001	0.361	-0.0001	-0.0001	0.3608	1
0.0001	0.1396	0.3604	-0.0001	0.1394	0.3602	1
0.0001	0.0931	0.3604	-0.0001	0.0929	0.3602	1
0.2728	0.0699	0.3604	0.2726	0.0697	0.3602	1
0.0001	0.0466	0.361	-0.0001	0.0464	0.3608	1
0.0001	0.0001	0.3604	-0.0001	-0.0001	0.3602	1
0.0001	0.1861	0.361	-0.0001	0.1859	0.3608	1
0.0001	0.1396	0.3604	-0.0001	0.1394	0.3602	1
0.0001	0.0234	0.361	-0.0001	0.0232	0.3608	1
0.0001	0.0931	0.3604	-0.0001	0.0929	0.3602	1
0.0001	0.0001	0.3604	-0.0001	-0.0001	0.3602	1
0.0001	0.0234	0.361	-0.0001	0.0232	0.3608	1
0.0001	0.0001	0.3604	-0.0001	-0.0001	0.3602	1
0.0001	0.2792	0.361	-0.0001	0.279	0.3608	1
0.0001	0.0001	0.3604	-0.0001	-0.0001	0.3602	1
0.0001	0.0001	0.3604	-0.0001	-0.0001	0.3602	1
0.0001	0.0001	0.3604	-0.0001	-0.0001	0.3602	1
0.0001	0.2094	0.3538	-0.0001	0.2092	0.3536	1
0.0001	0.0466	0.3604	-0.0001	0.0464	0.3602	1
0.0001	0.0001	0.3604	-0.0001	-0.0001	0.3602	1
0.0001	0.2094	0.361	-0.0001	0.2092	0.3608	1
0.0001	0.0001	0.3604	-0.0001	-0.0001	0.3602	1
0.0001	0.0931	0.3604	-0.0001	0.0929	0.3602	1
0.0001	0.0234	0.3604	-0.0001	0.0232	0.3602	1
0.0001	0.0001	0.3604	-0.0001	-0.0001	0.3602	1
0.0001	0.0234	0.3604	-0.0001	0.0232	0.3602	1
0.0001	0.0001	0.361	-0.0001	-0.0001	0.3608	1
0.0001	0.0931	0.3604	-0.0001	0.0929	0.3602	1
0.0001	0.0234	0.3604	-0.0001	0.0232	0.3602	1
0.0001	0.0001	0.3604	-0.0001	-0.0001	0.3602	1
0.091	0.0234	0.3598	0.0908	0.0232	0.3596	1
0.0001	0.0466	0.3604	-0.0001	0.0464	0.3602	1
0.0001	0.0001	0.3604	-0.0001	-0.0001	0.3602	1
0.0001	0.0001	0.361	-0.0001	-0.0001	0.3608	1
0.0001	0.0234	0.3604	-0.0001	0.0232	0.3602	1
0.0001	0.0234	0.3562	-0.0001	0.0232	0.356	1
0.0001	0.0001	0.361	-0.0001	-0.0001	0.3608	1
0.0001	0.2094	0.3604	-0.0001	0.2092	0.3602	1
0.0001	0.1629	0.3604	-0.0001	0.1627	0.3602	1
0.1819	0.0001	0.3604	0.1817	-0.0001	0.3602	1
0.0001	0.0234	0.3604	-0.0001	0.0232	0.3602	1
0.0001	0.0234	0.3592	-0.0001	0.0232	0.359	1
0.0001	0.0001	0.3604	-0.0001	-0.0001	0.3602	1
0.0001	0.0234	0.3604	-0.0001	0.0232	0.3602	1
0.0001	0.0699	0.361	-0.0001	0.0697	0.3608	1
0.0001	0.0699	0.3604	-0.0001	0.0697	0.3602	1
0.0001	0.0466	0.3604	-0.0001	0.0464	0.3602	1
0.0001	0.0234	0.3604	-0.0001	0.0232	0.3602	1
0.091	0.628	0.361	0.0908	0.6278	0.3608	1
0.0001	0.0466	0.3604	-0.0001	0.0464	0.3602	1
0.0001	0.0234	0.3604	-0.0001	0.0232	0.3602	1
0.0001	0.0234	0.3471	-0.0001	0.0232	0.3469	1
0.0001	0.0234	0.3604	-0.0001	0.0232	0.3602	1
0.1819	0.0466	0.4034	0.1817	0.0464	0.4032	1
0.0001	0.1396	0.3604	-0.0001	0.1394	0.3602	1
0.0001	0.0001	0.3604	-0.0001	-0.0001	0.3602	1
0.0001	0.1861	0.3786	-0.0001	0.1859	0.3784	1
0.0001	0.1396	0.4058	-0.0001	0.1394	0.4056	1
0.0001	0.3024	0.2474	-0.0001	0.3022	0.2472	1
0.0001	0.3024	0.3586	-0.0001	0.3022	0.3584	1
0.0001	0.0234	0.6936	-0.0001	0.0232	0.6934	1
0.091	0.0001	0.361	0.0908	-0.0001	0.3608	1
0.0001	0.0466	0.3604	-0.0001	0.0464	0.3602	1
0.0001	0.1629	0.3604	-0.0001	0.1627	0.3602	1
0.0001	0.0234	0.361	-0.0001	0.0232	0.3608	1
0.0001	0.1629	0.361	-0.0001	0.1627	0.3608	1
0.0001	0.0234	0.3816	-0.0001	0.0232	0.3814	1
0.0001	0.0466	0.361	-0.0001	0.0464	0.3608	1
0.0001	0.0001	0.361	-0.0001	-0.0001	0.3608	1
0.0001	0.0001	0.3604	-0.0001	-0.0001	0.3602	1
0.0001	0.0001	0.361	-0.0001	-0.0001	0.3608	1
0.0001	0.0234	0.3604	-0.0001	0.0232	0.3602	1
0.091	0.0234	0.3604	0.0908	0.0232	0.3602	1
0.0001	0.0001	0.361	-0.0001	-0.0001	0.3608	1
1.0001	0.0466	0.3604	0.9999	0.0464	0.3602	1
0.0001	0.0001	0.3604	-0.0001	-0.0001	0.3602	1
0.0001	0.4885	0.3604	-0.0001	0.4883	0.3602	1
0.091	0.0234	0.361	0.0908	0.0232	0.3608	1
0.091	0.2327	0.3604	0.0908	0.2325	0.3602	1
0.091	0.1164	0.3604	0.0908	0.1162	0.3602	1
0.0001	0.1164	0.361	-0.0001	0.1162	0.3608	1
0.0001	0.0001	0.3604	-0.0001	-0.0001	0.3602	1
0.0001	0.0234	0.3604	-0.0001	0.0232	0.3602	1
0.0001	0.0234	0.3604	-0.0001	0.0232	0.3602	1
0.0001	0.1629	0.3604	-0.0001	0.1627	0.3602	1
0.0001	0.1164	0.3604	-0.0001	0.1162	0.3602	1
0.0001	0.0001	0.3604	-0.0001	-0.0001	0.3602	1
0.0001	0.0001	0.3598	-0.0001	-0.0001	0.3596	1
0.0001	0.0001	0.361	-0.0001	-0.0001	0.3608	1
0.0001	0.2792	0.361	-0.0001	0.279	0.3608	1
0.0001	0.0001	0.3604	-0.0001	-0.0001	0.3602	1
0.0001	0.0466	0.3604	-0.0001	0.0464	0.3602	1
0.0001	0.0466	0.3604	-0.0001	0.0464	0.3602	1
0.0001	0.0001	0.361	-0.0001	-0.0001	0.3608	1
0.0001	0.1164	0.361	-0.0001	0.1162	0.3608	1
0.0001	0.0234	0.3604	-0.0001	0.0232	0.3602	1
0.0001	0.0466	0.3604	-0.0001	0.0464	0.3602	1
0.0001	0.0931	0.5037	-0.0001	0.0929	0.5035	1
0.0001	0.4187	0.3496	-0.0001	0.4185	0.3494	1
0.0001	0.0001	0.3604	-0.0001	-0.0001	0.3602	1
0.0001	0.2559	0.361	-0.0001	0.2557	0.3608	1
0.0001	0.0234	0.3604	-0.0001	0.0232	0.3602	1
0.0001	0.0001	0.3604	-0.0001	-0.0001	0.3602	1
0.091	0.1164	0.3604	0.0908	0.1162	0.3602	1
0.0001	0.0001	0.361	-0.0001	-0.0001	0.3608	1
0.0001	0.0001	0.3604	-0.0001	-0.0001	0.3602	1
0.0001	0.0234	0.3604	-0.0001	0.0232	0.3602	1
0.0001	0.0931	0.3604	-0.0001	0.0929	0.3602	1
0.091	0.0001	0.3604	0.0908	-0.0001	0.3602	1
0.0001	0.0234	0.3604	-0.0001	0.0232	0.3602	1
0.0001	0.0001	0.3604	-0.0001	-0.0001	0.3602	1
0.0001	0.0001	0.3604	-0.0001	-0.0001	0.3602	1
0.0001	0.1396	0.361	-0.0001	0.1394	0.3608	1
0.0001	0.0001	0.3604	-0.0001	-0.0001	0.3602	1
0.0001	0.0001	0.3604	-0.0001	-0.0001	0.3602	1
0.0001	0.0466	0.3526	-0.0001	0.0464	0.3524	1
0.0001	0.1164	0.361	-0.0001	0.1162	0.3608	1
0.091	0.1396	0.3604	0.0908	0.1394	0.3602	1
0.0001	0.1861	0.5249	-0.0001	0.1859	0.5247	1
0.0001	0.3722	0.3604	-0.0001	0.372	0.3602	1
0.0001	0.0001	0.3604	-0.0001	-0.0001	0.3602	1
0.0001	0.0001	0.3604	-0.0001	-0.0001	0.3602	1
0.0001	0.1164	0.3314	-0.0001	0.1162	0.3312	1
0.091	0.1861	0.4161	0.0908	0.1859	0.4159	1
0.0001	0.0234	0.3604	-0.0001	0.0232	0.3602	1
0.0001	0.0234	0.3284	-0.0001	0.0232	0.3282	1
0.0001	0.0466	0.3604	-0.0001	0.0464	0.3602	1
0.0001	0.0234	0.361	-0.0001	0.0232	0.3608	1
0.091	0.1861	0.3604	0.0908	0.1859	0.3602	1
0.091	0.0466	0.3604	0.0908	0.0464	0.3602	1
0.091	0.1164	0.3604	0.0908	0.1162	0.3602	1
0.0001	0.0466	0.3604	-0.0001	0.0464	0.3602	1
0.0001	0.0001	0.361	-0.0001	-0.0001	0.3608	1
0.0001	0.0001	0.3604	-0.0001	-0.0001	0.3602	1
0.0001	0.0234	0.277	-0.0001	0.0232	0.2768	1
0.0001	0.0234	0.3604	-0.0001	0.0232	0.3602	1
0.0001	0.3024	0.3604	-0.0001	0.3022	0.3602	1
0.0001	0.1629	0.3604	-0.0001	0.1627	0.3602	1
0.0001	0.0001	0.361	-0.0001	-0.0001	0.3608	1
0.0001	0.0001	0.361	-0.0001	-0.0001	0.3608	1
0.0001	0.0466	0.3598	-0.0001	0.0464	0.3596	1
0.0001	0.0699	0.3604	-0.0001	0.0697	0.3602	1
0.0001	0.0234	0.3169	-0.0001	0.0232	0.3167	1
0.0001	0.3722	0.3604	-0.0001	0.372	0.3602	1
0.091	0.1164	0.3604	0.0908	0.1162	0.3602	1
0.0001	0.0466	0.3369	-0.0001	0.0464	0.3367	1
0.0001	0.0001	0.3604	-0.0001	-0.0001	0.3602	1
0.0001	0.0234	0.3604	-0.0001	0.0232	0.3602	1
0.0001	0.1861	0.3604	-0.0001	0.1859	0.3602	1
0.0001	0.0234	0.3604	-0.0001	0.0232	0.3602	1
0.0001	0.0931	0.3604	-0.0001	0.0929	0.3602	1
0.0001	0.0931	0.2673	-0.0001	0.0929	0.2671	1
0.0001	0.0466	0.3604	-0.0001	0.0464	0.3602	1
0.0001	0.0699	0.3604	-0.0001	0.0697	0.3602	1
0.0001	0.0001	0.361	-0.0001	-0.0001	0.3608	1
0.2728	0.1396	0.3604	0.2726	0.1394	0.3602	1
0.091	0.0699	0.3743	0.0908	0.0697	0.3741	1
0.0001	0.0466	0.3604	-0.0001	0.0464	0.3602	1
0.0001	0.0931	0.3604	-0.0001	0.0929	0.3602	1
0.0001	0.0466	0.361	-0.0001	0.0464	0.3608	1
0.0001	0.0234	0.361	-0.0001	0.0232	0.3608	1
0.0001	0.0699	0.361	-0.0001	0.0697	0.3608	1
0.0001	0.0234	0.3556	-0.0001	0.0232	0.3554	1
0.0001	0.0931	0.361	-0.0001	0.0929	0.3608	1
