0.0001	0.0001	0.3598	-0.0001	-0.0001	0.3596	0
0.0001	0.0234	0.3604	-0.0001	0.0232	0.3602	0
0.0001	0.0234	0.3604	-0.0001	0.0232	0.3602	0
0.0001	0.1396	0.3471	-0.0001	0.1394	0.3469	0
0.0001	0.2559	0.2873	-0.0001	0.2557	0.2871	0
0.0001	0.0001	0.3604	-0.0001	-0.0001	0.3602	0
0.0001	0.0234	0.3604	-0.0001	0.0232	0.3602	0
0.0001	0.0699	0.332	-0.0001	0.0697	0.3318	0
0.0001	0.0234	0.3592	-0.0001	0.0232	0.359	0
0.0001	0.0001	0.8284	-0.0001	-0.0001	0.8282	0
0.091	0.2094	0.3604	0.0908	0.2092	0.3602	0
0.0001	0.0001	0.3598	-0.0001	-0.0001	0.3596	0
0.1819	0.0234	0.3604	0.1817	0.0232	0.3602	0
0.0001	0.0466	0.3604	-0.0001	0.0464	0.3602	0
0.0001	0.1164	0.3604	-0.0001	0.1162	0.3602	0
0.0001	0.0699	0.361	-0.0001	0.0697	0.3608	0
0.0001	0.0234	0.361	-0.0001	0.0232	0.3608	0
0.6365	0.442	0.3604	0.6363	0.4418	0.3602	0
0.0001	0.2327	0.3653	-0.0001	0.2325	0.3651	0
0.1819	0.1164	0.3423	0.1817	0.1162	0.3421	0
0.0001	0.0466	0.439	-0.0001	0.0464	0.4388	0
0.0001	0.0001	0.3604	-0.0001	-0.0001	0.3602	0
0.0001	0.0234	0.3604	-0.0001	0.0232	0.3602	0
0.0001	0.0001	0.3604	-0.0001	-0.0001	0.3602	0
0.0001	0.0001	0.3604	-0.0001	-0.0001	0.3602	0
0.0001	0.0001	0.3592	-0.0001	-0.0001	0.359	0
0.0001	0.0234	0.3604	-0.0001	0.0232	0.3602	0
0.0001	0.0001	0.3604	-0.0001	-0.0001	0.3602	0
0.0001	0.0234	0.3471	-0.0001	0.0232	0.3469	0
0.0001	0.0001	0.3604	-0.0001	-0.0001	0.3602	0
0.0001	0.0001	0.3604	-0.0001	-0.0001	0.3602	0
0.0001	0.1164	0.3604	-0.0001	0.1162	0.3602	0
0.0001	0.0001	0.3604	-0.0001	-0.0001	0.3602	0
0.0001	0.0001	0.3604	-0.0001	-0.0001	0.3602	0
0.0001	0.0466	0.3598	-0.0001	0.0464	0.3596	0
0.0001	0.0234	0.3586	-0.0001	0.0232	0.3584	0
0.0001	0.0001	0.3604	-0.0001	-0.0001	0.3602	0
0.0001	0.0466	0.3604	-0.0001	0.0464	0.3602	0
0.0001	0.0001	0.3604	-0.0001	-0.0001	0.3602	0
0.0001	0.0001	0.361	-0.0001	-0.0001	0.3608	0
0.0001	0.0001	0.361	-0.0001	-0.0001	0.3608	0
0.0001	0.0001	0.3604	-0.0001	-0.0001	0.3602	0
0.0001	0.0699	0.361	-0.0001	0.0697	0.3608	0
0.0001	0.0001	0.361	-0.0001	-0.0001	0.3608	0
0.0001	0.0466	0.3604	-0.0001	0.0464	0.3602	0
0.0001	0.0001	0.3604	-0.0001	-0.0001	0.3602	0
0.0001	0.0931	0.3604	-0.0001	0.0929	0.3602	0
0.0001	0.0699	0.3737	-0.0001	0.0697	0.3735	0
0.0001	0.0001	0.3604	-0.0001	-0.0001	0.3602	0
0.0001	0.0001	0.3604	-0.0001	-0.0001	0.3602	0
0.0001	0.0234	0.3604	-0.0001	0.0232	0.3602	0
0.0001	0.0234	0.3604	-0.0001	0.0232	0.3602	0
0.0001	0.0001	0.361	-0.0001	-0.0001	0.3608	0
0.0001	0.0001	0.3604	-0.0001	-0.0001	0.3602	0
0.0001	0.0234	0.3604	-0.0001	0.0232	0.3602	0
0.0001	0.0001	0.361	-0.0001	-0.0001	0.3608	0
0.0001	0.4885	0.3411	-0.0001	0.4883	0.3409	0
0.0001	0.0234	0.3604	-0.0001	0.0232	0.3602	0
0.0001	0.535	0.3236	-0.0001	0.5348	0.3234	0
0.0001	0.0234	0.3604	-0.0001	0.0232	0.3602	0
0.0001	0.0001	0.3604	-0.0001	-0.0001	0.3602	0
0.0001	0.0931	0.3604	-0.0001	0.0929	0.3602	0
0.0001	0.1861	0.3604	-0.0001	0.1859	0.3602	0
0.0001	0.0699	0.3604	-0.0001	0.0697	0.3602	0
0.0001	0.0001	0.3604	-0.0001	-0.0001	0.3602	0
0.0001	0.0001	0.3604	-0.0001	-0.0001	0.3602	0
0.0001	0.0234	0.3592	-0.0001	0.0232	0.359	0
0.0001	0.4187	0.3453	-0.0001	0.4185	0.3451	0
0.0001	0.0931	0.361	-0.0001	0.0929	0.3608	0
0.0001	0.0001	0.3604	-0.0001	-0.0001	0.3602	0
0.0001	0.0001	0.361	-0.0001	-0.0001	0.3608	0
0.0001	0.0466	0.3604	-0.0001	0.0464	0.3602	0
0.0001	0.2327	0.361	-0.0001	0.2325	0.3608	0
0.0001	0.0001	0.3604	-0.0001	-0.0001	0.3602	0
0.0001	0.0001	0.3604	-0.0001	-0.0001	0.3602	0
0.0001	0.0234	0.3604	-0.0001	0.0232	0.3602	0
0.3637	0.0931	0.361	0.3635	0.0929	0.3608	0
0.0001	0.0466	0.361	-0.0001	0.0464	0.3608	0
0.0001	0.1629	0.2855	-0.0001	0.1627	0.2853	0
0.0001	0.0466	0.3211	-0.0001	0.0464	0.3209	0
0.0001	0.0466	0.3604	-0.0001	0.0464	0.3602	0
0.0001	0.2094	0.3465	-0.0001	0.2092	0.3463	0
0.0001	0.0001	0.361	-0.0001	-0.0001	0.3608	0
0.0001	0.2327	0.3907	-0.0001	0.2325	0.3905	0
0.0001	0.0001	0.3604	-0.0001	-0.0001	0.3602	0
0.0001	0.1164	0.3604	-0.0001	0.1162	0.3602	0
0.0001	0.0001	0.3586	-0.0001	-0.0001	0.3584	0
0.0001	0.0001	0.3604	-0.0001	-0.0001	0.3602	0
0.0001	0.0234	0.3423	-0.0001	0.0232	0.3421	0
0.0001	0.0234	0.3526	-0.0001	0.0232	0.3524	0
0.0001	0.0466	0.3604	-0.0001	0.0464	0.3602	0
0.0001	0.0234	0.3532	-0.0001	0.0232	0.353	0
0.0001	0.0001	0.3604	-0.0001	-0.0001	0.3602	0
0.0001	0.0001	0.3604	-0.0001	-0.0001	0.3602	0
0.0001	0.0699	0.361	-0.0001	0.0697	0.3608	0
0.0001	0.0001	0.3604	-0.0001	-0.0001	0.3602	0
0.0001	0.0234	0.3604	-0.0001	0.0232	0.3602	0
0.0001	0.0001	0.361	-0.0001	-0.0001	0.3608	0
0.0001	0.0001	0.3604	-0.0001	-0.0001	0.3602	0
0.0001	0.1396	0.3604	-0.0001	0.1394	0.3602	0
0.0001	0.0466	0.3604	-0.0001	0.0464	0.3602	0
0.0001	0.0234	0.335	-0.0001	0.0232	0.3348	0
0.0001	0.0001	0.3604	-0.0001	-0.0001	0.3602	0
0.0001	0.0001	0.3604	-0.0001	-0.0001	0.3602	0
0.0001	0.0466	0.3604	-0.0001	0.0464	0.3602	0
0.0001	0.0001	0.3604	-0.0001	-0.0001	0.3602	0
0.0001	0.0234	0.3604	-0.0001	0.0232	0.3602	0
0.0001	0.0001	0.3604	-0.0001	-0.0001	0.3602	0
0.0001	0.0466	0.3604	-0.0001	0.0464	0.3602	0
0.0001	0.0466	0.361	-0.0001	0.0464	0.3608	0
0.091	0.0234	0.3604	0.0908	0.0232	0.3602	0
0.0001	0.0234	0.3556	-0.0001	0.0232	0.3554	0
0.0001	0.0234	0.3278	-0.0001	0.0232	0.3276	0
0.0001	0.0234	0.3592	-0.0001	0.0232	0.359	0
0.0001	0.0001	0.3604	-0.0001	-0.0001	0.3602	0
0.0001	0.0001	0.3604	-0.0001	-0.0001	0.3602	0
0.0001	0.0001	0.3604	-0.0001	-0.0001	0.3602	0
0.0001	0.0466	0.3459	-0.0001	0.0464	0.3457	0
0.0001	0.0001	0.3604	-0.0001	-0.0001	0.3602	0
0.0001	0.0001	0.3604	-0.0001	-0.0001	0.3602	0
0.0001	0.0466	0.361	-0.0001	0.0464	0.3608	0
0.0001	0.0699	0.3604	-0.0001	0.0697	0.3602	0
0.0001	0.0234	0.3604	-0.0001	0.0232	0.3602	0
0.0001	0.0001	0.361	-0.0001	-0.0001	0.3608	0
0.0001	0.0001	0.3604	-0.0001	-0.0001	0.3602	0
0.1819	0.0699	0.361	0.1817	0.0697	0.3608	0
0.0001	0.0234	0.3604	-0.0001	0.0232	0.3602	0
0.0001	0.0001	0.361	-0.0001	-0.0001	0.3608	0
0.0001	0.0001	0.3604	-0.0001	-0.0001	0.3602	0
0.0001	0.0001	0.361	-0.0001	-0.0001	0.3608	0
0.0001	0.0234	0.3308	-0.0001	0.0232	0.3306	0
0.0001	0.0234	0.3538	-0.0001	0.0232	0.3536	0
0.0001	0.0234	0.3193	-0.0001	0.0232	0.3191	0
0.0001	0.1164	0.361	-0.0001	0.1162	0.3608	0
0.0001	0.0001	0.361	-0.0001	-0.0001	0.3608	0
0.0001	0.0466	0.3393	-0.0001	0.0464	0.3391	0
0.0001	0.1629	0.2824	-0.0001	0.1627	0.2822	0
0.0001	0.0001	0.3604	-0.0001	-0.0001	0.3602	0
0.0001	0.0234	0.3604	-0.0001	0.0232	0.3602	0
0.0001	0.0001	0.3604	-0.0001	-0.0001	0.3602	0
0.0001	0.1861	0.3604	-0.0001	0.1859	0.3602	0
0.0001	0.0234	0.3604	-0.0001	0.0232	0.3602	0
0.0001	0.2327	0.4354	-0.0001	0.2325	0.4352	0
0.0001	0.0699	0.361	-0.0001	0.0697	0.3608	0
0.0001	0.0699	0.3604	-0.0001	0.0697	0.3602	0
0.0001	0.0001	0.3604	-0.0001	-0.0001	0.3602	0
0.0001	0.0699	0.3604	-0.0001	0.0697	0.3602	0
0.0001	0.0234	0.3604	-0.0001	0.0232	0.3602	0
0.0001	0.0001	0.361	-0.0001	-0.0001	0.3608	0
0.0001	0.0001	0.3598	-0.0001	-0.0001	0.3596	0
0.0001	0.0466	0.3604	-0.0001	0.0464	0.3602	0
0.0001	0.0234	0.361	-0.0001	0.0232	0.3608	0
0.0001	0.0699	0.3604	-0.0001	0.0697	0.3602	0
0.0001	0.0001	0.3604	-0.0001	-0.0001	0.3602	0
0.0001	0.0001	0.3604	-0.0001	-0.0001	0.3602	0
0.0001	0.0699	0.361	-0.0001	0.0697	0.3608	0
0.0001	0.0001	0.3598	-0.0001	-0.0001	0.3596	0
0.0001	0.0234	0.349	-0.0001	0.0232	0.3488	0
0.0001	0.0931	0.361	-0.0001	0.0929	0.3608	0
0.0001	0.0234	0.3471	-0.0001	0.0232	0.3469	0
0.0001	0.0001	0.3604	-0.0001	-0.0001	0.3602	0
0.0001	0.0001	0.3604	-0.0001	-0.0001	0.3602	0
0.0001	0.0931	0.3604	-0.0001	0.0929	0.3602	0
0.0001	0.0001	0.3604	-0.0001	-0.0001	0.3602	0
0.0001	0.0001	0.3574	-0.0001	-0.0001	0.3572	0
0.0001	0.0234	0.3604	-0.0001	0.0232	0.3602	0
0.0001	0.0466	0.3604	-0.0001	0.0464	0.3602	0
0.0001	0.0931	0.361	-0.0001	0.0929	0.3608	0
0.0001	0.0234	0.3604	-0.0001	0.0232	0.3602	0
0.0001	0.0001	0.3604	-0.0001	-0.0001	0.3602	0
0.0001	0.0466	0.3604	-0.0001	0.0464	0.3602	0
0.0001	0.0234	0.3217	-0.0001	0.0232	0.3215	0
0.0001	0.2559	0.361	-0.0001	0.2557	0.3608	0
0.0001	0.0001	0.3604	-0.0001	-0.0001	0.3602	0
0.0001	0.0466	0.4675	-0.0001	0.0464	0.4673	0
0.0001	0.0234	0.3502	-0.0001	0.0232	0.35	0
0.0001	0.0001	0.3574	-0.0001	-0.0001	0.3572	0
0.0001	0.0466	0.3604	-0.0001	0.0464	0.3602	0
0.0001	0.1396	0.3308	-0.0001	0.1394	0.3306	0
0.0001	0.0234	0.3604	-0.0001	0.0232	0.3602	0
0.0001	0.535	0.3604	-0.0001	0.5348	0.3602	0
0.0001	0.1164	0.3604	-0.0001	0.1162	0.3602	0
0.0001	0.0001	0.3592	-0.0001	-0.0001	0.359	0
0.0001	0.0001	0.3604	-0.0001	-0.0001	0.3602	0
0.0001	0.0234	0.3604	-0.0001	0.0232	0.3602	0
0.0001	0.0001	0.361	-0.0001	-0.0001	0.3608	0
0.0001	0.0466	0.3598	-0.0001	0.0464	0.3596	0
0.0001	0.0001	0.3604	-0.0001	-0.0001	0.3602	0
0.0001	0.0931	0.361	-0.0001	0.0929	0.3608	0
0.0001	0.0001	0.3604	-0.0001	-0.0001	0.3602	0
0.0001	0.0001	0.3604	-0.0001	-0.0001	0.3602	0
0.091	0.0931	0.361	0.0908	0.0929	0.3608	0
0.0001	0.0699	0.361	-0.0001	0.0697	0.3608	0
0.0001	0.0699	0.3604	-0.0001	0.0697	0.3602	0
0.0001	0.0931	0.3278	-0.0001	0.0929	0.3276	0
0.0001	0.0699	0.361	-0.0001	0.0697	0.3608	0
0.0001	0.0001	0.358	-0.0001	-0.0001	0.3578	0
0.0001	0.0001	0.3604	-0.0001	-0.0001	0.3602	0
0.0001	0.0699	0.3248	-0.0001	0.0697	0.3246	0
0.0001	0.0001	0.3604	-0.0001	-0.0001	0.3602	0
0.0001	0.0001	0.3604	-0.0001	-0.0001	0.3602	0
0.0001	0.0234	0.361	-0.0001	0.0232	0.3608	0
0.0001	0.0001	0.3604	-0.0001	-0.0001	0.3602	0
0.0001	0.0001	0.3604	-0.0001	-0.0001	0.3602	0
0.0001	0.0001	0.3604	-0.0001	-0.0001	0.3602	0
0.0001	0.0001	0.3598	-0.0001	-0.0001	0.3596	0
0.0001	0.1396	0.3453	-0.0001	0.1394	0.3451	0
0.0001	0.0466	0.361	-0.0001	0.0464	0.3608	0
0.0001	0.0001	0.3604	-0.0001	-0.0001	0.3602	0
0.0001	0.1861	0.1857	-0.0001	0.1859	0.1855	0
0.0001	0.0001	0.3598	-0.0001	-0.0001	0.3596	0
0.0001	0.2327	0.361	-0.0001	0.2325	0.3608	0
0.091	0.0234	0.3604	0.0908	0.0232	0.3602	0
0.0001	0.0466	0.3604	-0.0001	0.0464	0.3602	0
0.0001	0.0466	0.3604	-0.0001	0.0464	0.3602	0
0.0001	0.0466	0.303	-0.0001	0.0464	0.3028	0
0.0001	0.0001	0.3604	-0.0001	-0.0001	0.3602	0
0.0001	0.1629	0.361	-0.0001	0.1627	0.3608	0
0.0001	0.0001	0.3604	-0.0001	-0.0001	0.3602	0
0.0001	0.0931	0.3604	-0.0001	0.0929	0.3602	0
0.0001	0.0699	0.3653	-0.0001	0.0697	0.3651	0
0.0001	0.0001	0.3604	-0.0001	-0.0001	0.3602	0
0.0001	0.0931	0.5013	-0.0001	0.0929	0.5011	0
0.0001	0.0234	0.332	-0.0001	0.0232	0.3318	0
0.0001	0.1629	0.3604	-0.0001	0.1627	0.3602	0
0.0001	0.0466	0.3604	-0.0001	0.0464	0.3602	0
0.0001	0.0001	0.3604	-0.0001	-0.0001	0.3602	0
0.0001	0.0466	0.3604	-0.0001	0.0464	0.3602	0
0.0001	0.0699	0.361	-0.0001	0.0697	0.3608	0
0.0001	0.0001	0.361	-0.0001	-0.0001	0.3608	0
0.0001	0.0699	0.3477	-0.0001	0.0697	0.3475	0
0.0001	0.0466	0.3604	-0.0001	0.0464	0.3602	0
0.0001	0.1164	0.3604	-0.0001	0.1162	0.3602	0
0.0001	0.0466	0.3604	-0.0001	0.0464	0.3602	0
0.0001	0.0931	0.3447	-0.0001	0.0929	0.3445	0
0.0001	0.0234	0.3604	-0.0001	0.0232	0.3602	0
0.0001	0.0466	0.361	-0.0001	0.0464	0.3608	0
0.0001	0.4187	0.3901	-0.0001	0.4185	0.3899	0
0.0001	0.0234	0.3604	-0.0001	0.0232	0.3602	0
0.0001	0.0001	0.361	-0.0001	-0.0001	0.3608	0
0.0001	0.6513	0.3604	-0.0001	0.6511	0.3602	0
0.0001	0.0001	0.3604	-0.0001	-0.0001	0.3602	0
0.0001	0.0001	0.361	-0.0001	-0.0001	0.3608	0
0.0001	0.0234	0.361	-0.0001	0.0232	0.3608	0
0.0001	0.0466	0.361	-0.0001	0.0464	0.3608	0
0.0001	0.0466	0.3405	-0.0001	0.0464	0.3403	0
0.0001	0.0234	0.3604	-0.0001	0.0232	0.3602	0
0.0001	0.1629	0.352	-0.0001	0.1627	0.3518	0
0.0001	0.0466	0.3604	-0.0001	0.0464	0.3602	0
0.0001	0.0699	0.3568	-0.0001	0.0697	0.3566	0
0.0001	0.0234	0.3604	-0.0001	0.0232	0.3602	0
0.0001	0.0466	0.3604	-0.0001	0.0464	0.3602	0
0.0001	0.0234	0.349	-0.0001	0.0232	0.3488	0
0.1819	0.0234	0.349	0.1817	0.0232	0.3488	0
0.0001	0.0001	0.361	-0.0001	-0.0001	0.3608	0
0.0001	0.0699	0.3604	-0.0001	0.0697	0.3602	0
0.0001	0.0001	0.361	-0.0001	-0.0001	0.3608	0
0.0001	0.0234	0.3604	-0.0001	0.0232	0.3602	0
0.1819	0.0234	0.3604	0.1817	0.0232	0.3602	0
0.0001	0.0699	0.355	-0.0001	0.0697	0.3548	0
0.0001	0.1396	0.4034	-0.0001	0.1394	0.4032	0
0.0001	0.0466	0.3604	-0.0001	0.0464	0.3602	0
0.0001	0.0001	0.3604	-0.0001	-0.0001	0.3602	0
0.0001	0.0001	0.3604	-0.0001	-0.0001	0.3602	0
0.0001	0.0699	0.5527	-0.0001	0.0697	0.5525	0
0.0001	0.0234	0.2226	-0.0001	0.0232	0.2224	0
0.0001	0.0699	0.3604	-0.0001	0.0697	0.3602	0
0.0001	0.0001	0.3604	-0.0001	-0.0001	0.3602	0
0.0001	0.0001	0.3604	-0.0001	-0.0001	0.3602	0
0.0001	0.0001	0.5158	-0.0001	-0.0001	0.5156	0
0.0001	0.1629	0.3574	-0.0001	0.1627	0.3572	0
0.0001	0.0234	0.361	-0.0001	0.0232	0.3608	0
0.0001	0.1629	0.3604	-0.0001	0.1627	0.3602	0
0.0001	0.0001	0.361	-0.0001	-0.0001	0.3608	0
0.0001	0.2559	0.361	-0.0001	0.2557	0.3608	0
0.0001	0.0234	0.3604	-0.0001	0.0232	0.3602	0
0.0001	0.0699	0.3604	-0.0001	0.0697	0.3602	0
0.0001	0.0466	0.3604	-0.0001	0.0464	0.3602	0
0.0001	0.0001	0.3604	-0.0001	-0.0001	0.3602	0
0.0001	0.0699	0.6839	-0.0001	0.0697	0.6837	0
0.0001	0.0234	0.3568	-0.0001	0.0232	0.3566	0
0.0001	0.2792	0.4584	-0.0001	0.279	0.4582	0
0.0001	0.0234	0.3604	-0.0001	0.0232	0.3602	0
0.0001	0.0234	0.3393	-0.0001	0.0232	0.3391	0
0.0001	0.0001	0.361	-0.0001	-0.0001	0.3608	0
0.0001	0.0234	0.349	-0.0001	0.0232	0.3488	0
0.0001	0.0234	0.3604	-0.0001	0.0232	0.3602	0
0.0001	0.0001	0.3604	-0.0001	-0.0001	0.3602	0
0.0001	0.0699	0.3604	-0.0001	0.0697	0.3602	0
0.0001	0.0001	0.3604	-0.0001	-0.0001	0.3602	0
0.0001	0.0234	0.3526	-0.0001	0.0232	0.3524	0
0.0001	0.1164	0.3604	-0.0001	0.1162	0.3602	0
0.0001	0.0001	0.3604	-0.0001	-0.0001	0.3602	0
0.0001	0.0001	0.3604	-0.0001	-0.0001	0.3602	0
0.0001	0.0234	0.3604	-0.0001	0.0232	0.3602	0
0.0001	0.1629	0.3604	-0.0001	0.1627	0.3602	0
0.0001	0.0001	0.361	-0.0001	-0.0001	0.3608	0
0.0001	0.0001	0.361	-0.0001	-0.0001	0.3608	0
0.0001	0.0001	0.3592	-0.0001	-0.0001	0.359	0
0.0001	0.0466	0.3604	-0.0001	0.0464	0.3602	0
0.0001	0.1861	0.3423	-0.0001	0.1859	0.3421	0
0.0001	0.0234	0.3447	-0.0001	0.0232	0.3445	0
0.0001	0.0234	0.3604	-0.0001	0.0232	0.3602	0
0.0001	0.1164	0.3604	-0.0001	0.1162	0.3602	0
0.2728	0.0234	0.3604	0.2726	0.0232	0.3602	0
0.0001	0.0001	0.3604	-0.0001	-0.0001	0.3602	0
0.0001	0.0001	0.3604	-0.0001	-0.0001	0.3602	0
0.0001	0.0001	0.3586	-0.0001	-0.0001	0.3584	0
0.0001	0.0001	0.3604	-0.0001	-0.0001	0.3602	0
0.0001	0.0234	0.2939	-0.0001	0.0232	0.2937	0
0.0001	0.0466	0.3604	-0.0001	0.0464	0.3602	0
0.0001	0.0466	0.2704	-0.0001	0.0464	0.2702	0
0.0001	0.0931	0.3604	-0.0001	0.0929	0.3602	0
0.0001	0.0001	0.3604	-0.0001	-0.0001	0.3602	0
0.0001	0.0699	0.3604	-0.0001	0.0697	0.3602	0
0.0001	0.0699	0.297	-0.0001	0.0697	0.2968	0
0.0001	0.0931	0.326	-0.0001	0.0929	0.3258	0
0.0001	0.1629	0.2849	-0.0001	0.1627	0.2847	0
0.0001	0.0001	0.3592	-0.0001	-0.0001	0.359	0
0.0001	0.0234	0.3604	-0.0001	0.0232	0.3602	0
0.0001	0.2094	0.3357	-0.0001	0.2092	0.3355	0
0.0001	0.0699	0.3604	-0.0001	0.0697	0.3602	0
0.0001	0.0001	0.3604	-0.0001	-0.0001	0.3602	0
0.0001	0.0234	0.361	-0.0001	0.0232	0.3608	0
0.0001	0.0001	0.3604	-0.0001	-0.0001	0.3602	0
0.0001	0.0466	0.3604	-0.0001	0.0464	0.3602	0
0.0001	0.0234	0.3604	-0.0001	0.0232	0.3602	0
0.0001	0.1861	0.3604	-0.0001	0.1859	0.3602	0
0.0001	0.0234	0.3604	-0.0001	0.0232	0.3602	0
0.0001	0.0001	0.3604	-0.0001	-0.0001	0.3602	0
0.0001	0.0234	0.3598	-0.0001	0.0232	0.3596	0
0.0001	0.0001	0.361	-0.0001	-0.0001	0.3608	0
0.0001	0.0234	0.3604	-0.0001	0.0232	0.3602	0
0.0001	0.0234	0.3604	-0.0001	0.0232	0.3602	0
0.0001	0.0001	0.3604	-0.0001	-0.0001	0.3602	0
0.0001	0.2327	0.361	-0.0001	0.2325	0.3608	0
0.0001	0.0001	0.3604	-0.0001	-0.0001	0.3602	0
0.0001	0.0234	0.3604	-0.0001	0.0232	0.3602	0
0.0001	0.0001	0.3604	-0.0001	-0.0001	0.3602	0
0.0001	0.0931	0.3453	-0.0001	0.0929	0.3451	0
0.0001	0.0001	0.3604	-0.0001	-0.0001	0.3602	0
0.0001	0.1396	0.361	-0.0001	0.1394	0.3608	0
0.0001	0.1164	0.3381	-0.0001	0.1162	0.3379	0
0.0001	0.0001	0.3598	-0.0001	-0.0001	0.3596	0
0.0001	0.0466	0.3526	-0.0001	0.0464	0.3524	0
0.0001	0.0001	0.3604	-0.0001	-0.0001	0.3602	0
0.0001	0.0001	0.361	-0.0001	-0.0001	0.3608	0
0.1819	0.0234	0.3604	0.1817	0.0232	0.3602	0
0.0001	0.3024	0.361	-0.0001	0.3022	0.3608	0
0.0001	0.1164	0.3604	-0.0001	0.1162	0.3602	0
0.091	0.0466	0.361	0.0908	0.0464	0.3608	0
0.0001	0.0234	0.3604	-0.0001	0.0232	0.3602	0
0.0001	0.0001	0.361	-0.0001	-0.0001	0.3608	0
0.0001	0.0466	0.361	-0.0001	0.0464	0.3608	0
0.0001	0.0001	0.361	-0.0001	-0.0001	0.3608	0
0.0001	0.0001	0.361	-0.0001	-0.0001	0.3608	0
0.0001	0.0699	0.3296	-0.0001	0.0697	0.3294	0
0.0001	0.0466	0.3604	-0.0001	0.0464	0.3602	0
0.0001	0.1629	0.3604	-0.0001	0.1627	0.3602	0
0.0001	0.0234	0.3604	-0.0001	0.0232	0.3602	0
0.0001	0.0699	0.3604	-0.0001	0.0697	0.3602	0
0.0001	0.0001	0.3604	-0.0001	-0.0001	0.3602	0
0.0001	0.0001	0.3604	-0.0001	-0.0001	0.3602	0
0.0001	0.0234	0.3604	-0.0001	0.0232	0.3602	0
0.0001	0.0699	0.3526	-0.0001	0.0697	0.3524	0
0.0001	0.0699	0.3604	-0.0001	0.0697	0.3602	0
0.0001	0.0001	0.361	-0.0001	-0.0001	0.3608	0
0.0001	0.0466	0.3604	-0.0001	0.0464	0.3602	0
0.0001	0.0234	0.3604	-0.0001	0.0232	0.3602	0
0.0001	0.0001	0.3604	-0.0001	-0.0001	0.3602	0
0.0001	0.1861	0.3465	-0.0001	0.1859	0.3463	0
0.0001	0.0699	0.361	-0.0001	0.0697	0.3608	0
0.0001	0.0001	0.3604	-0.0001	-0.0001	0.3602	0
0.0001	0.0001	0.3598	-0.0001	-0.0001	0.3596	0
0.0001	0.0931	0.3641	-0.0001	0.0929	0.3639	0
0.0001	0.0001	0.3604	-0.0001	-0.0001	0.3602	0
0.0001	0.0001	0.361	-0.0001	-0.0001	0.3608	0
0.0001	0.0234	0.3604	-0.0001	0.0232	0.3602	0
0.0001	0.0001	0.3604	-0.0001	-0.0001	0.3602	0
0.091	0.0234	0.3604	0.0908	0.0232	0.3602	0
0.0001	0.0001	0.3604	-0.0001	-0.0001	0.3602	0
0.0001	0.0699	0.3604	-0.0001	0.0697	0.3602	0
0.0001	0.1861	0.3532	-0.0001	0.1859	0.353	0
0.0001	0.0234	0.3435	-0.0001	0.0232	0.3433	0
0.0001	0.0234	0.361	-0.0001	0.0232	0.3608	0
0.0001	0.1861	0.3604	-0.0001	0.1859	0.3602	0
0.0001	0.1164	0.3604	-0.0001	0.1162	0.3602	0
0.0001	0.0466	0.3248	-0.0001	0.0464	0.3246	0
0.091	0.0234	0.3604	0.0908	0.0232	0.3602	0
0.0001	0.0001	0.3604	-0.0001	-0.0001	0.3602	0
0.0001	0.0234	0.3604	-0.0001	0.0232	0.3602	0
0.0001	0.0234	0.3604	-0.0001	0.0232	0.3602	0
0.0001	0.0001	0.3604	-0.0001	-0.0001	0.3602	0
0.0001	0.0466	0.3604	-0.0001	0.0464	0.3602	0
0.0001	0.0001	0.361	-0.0001	-0.0001	0.3608	0
0.0001	0.1164	0.3604	-0.0001	0.1162	0.3602	0
0.0001	0.1164	0.3604	-0.0001	0.1162	0.3602	0
0.0001	0.0234	0.3604	-0.0001	0.0232	0.3602	0
0.0001	0.0001	0.361	-0.0001	-0.0001	0.3608	0
0.0001	0.0931	0.361	-0.0001	0.0929	0.3608	0
0.0001	0.0001	0.3604	-0.0001	-0.0001	0.3602	0
0.0001	0.1164	0.3604	-0.0001	0.1162	0.3602	0
0.0001	0.0001	0.3604	-0.0001	-0.0001	0.3602	0
0.0001	0.0466	0.3453	-0.0001	0.0464	0.3451	0
0.0001	0.0699	0.361	-0.0001	0.0697	0.3608	0
0.0001	0.0001	0.361	-0.0001	-0.0001	0.3608	0
0.0001	0.0001	0.3604	-0.0001	-0.0001	0.3602	0
0.0001	0.0234	0.3604	-0.0001	0.0232	0.3602	0
0.0001	0.0001	0.3604	-0.0001	-0.0001	0.3602	0
0.0001	0.0001	0.3604	-0.0001	-0.0001	0.3602	0
0.0001	0.0001	0.361	-0.0001	-0.0001	0.3608	0
0.0001	0.1396	0.355	-0.0001	0.1394	0.3548	0
0.0001	0.0234	0.3604	-0.0001	0.0232	0.3602	0
0.0001	0.0001	0.3604	-0.0001	-0.0001	0.3602	0
0.0001	0.0931	0.2691	-0.0001	0.0929	0.2689	0
0.0001	0.0699	0.3592	-0.0001	0.0697	0.359	0
0.0001	0.0466	0.3604	-0.0001	0.0464	0.3602	0
0.0001	0.3024	0.3604	-0.0001	0.3022	0.3602	0
0.0001	0.0699	0.644	-0.0001	0.0697	0.6438	0
0.0001	0.0001	0.3592	-0.0001	-0.0001	0.359	0
0.0001	0.0234	0.3604	-0.0001	0.0232	0.3602	0
0.0001	0.1164	0.3604	-0.0001	0.1162	0.3602	0
0.0001	0.0001	0.361	-0.0001	-0.0001	0.3608	0
0.0001	0.0234	0.4227	-0.0001	0.0232	0.4225	0
0.091	0.0001	0.3604	0.0908	-0.0001	0.3602	0
0.0001	0.0699	0.3604	-0.0001	0.0697	0.3602	0
0.0001	0.0001	0.3604	-0.0001	-0.0001	0.3602	0
0.0001	0.0931	0.3604	-0.0001	0.0929	0.3602	0
0.0001	0.0234	0.3604	-0.0001	0.0232	0.3602	0
0.0001	0.0001	0.3604	-0.0001	-0.0001	0.3602	0
0.091	0.3024	0.3254	0.0908	0.3022	0.3252	0
0.0001	0.0001	0.3604	-0.0001	-0.0001	0.3602	0
0.0001	0.0001	0.3604	-0.0001	-0.0001	0.3602	0
0.0001	0.0234	0.3604	-0.0001	0.0232	0.3602	0
0.0001	0.0234	0.3598	-0.0001	0.0232	0.3596	0
0.0001	0.0001	0.3598	-0.0001	-0.0001	0.3596	0
0.1819	0.0234	0.3604	0.1817	0.0232	0.3602	0
0.0001	0.1164	0.361	-0.0001	0.1162	0.3608	0
0.0001	0.0931	0.3598	-0.0001	0.0929	0.3596	0
0.0001	0.1396	0.3604	-0.0001	0.1394	0.3602	0
0.0001	0.0001	0.3598	-0.0001	-0.0001	0.3596	0
0.0001	0.0001	0.3604	-0.0001	-0.0001	0.3602	0
0.0001	0.0001	0.361	-0.0001	-0.0001	0.3608	0
0.091	0.0699	0.3604	0.0908	0.0697	0.3602	0
0.0001	0.1164	0.3604	-0.0001	0.1162	0.3602	0
0.0001	0.0466	0.3471	-0.0001	0.0464	0.3469	0
0.0001	0.0699	0.3496	-0.0001	0.0697	0.3494	0
0.0001	0.0234	0.3018	-0.0001	0.0232	0.3016	0
0.0001	0.0234	0.5533	-0.0001	0.0232	0.5531	0
0.0001	0.0234	0.3302	-0.0001	0.0232	0.33	0
0.0001	0.2559	0.3604	-0.0001	0.2557	0.3602	0
0.0001	0.0234	0.361	-0.0001	0.0232	0.3608	0
0.0001	0.0234	0.3586	-0.0001	0.0232	0.3584	0
0.0001	0.0234	0.3604	-0.0001	0.0232	0.3602	0
0.0001	0.0234	0.3604	-0.0001	0.0232	0.3602	0
0.0001	0.0001	0.3604	-0.0001	-0.0001	0.3602	0
0.0001	0.0001	0.3604	-0.0001	-0.0001	0.3602	0
0.0001	0.0001	0.3604	-0.0001	-0.0001	0.3602	0
0.0001	0.0001	0.3604	-0.0001	-0.0001	0.3602	0
0.0001	0.0466	0.852	-0.0001	0.0464	0.8518	0
0.0001	0.0466	0.3604	-0.0001	0.0464	0.3602	0
0.0001	0.0466	0.3604	-0.0001	0.0464	0.3602	0
0.0001	0.0001	0.3574	-0.0001	-0.0001	0.3572	0
0.0001	0.0466	0.361	-0.0001	0.0464	0.3608	0
0.0001	0.1164	0.3604	-0.0001	0.1162	0.3602	0
0.0001	0.0001	0.3604	-0.0001	-0.0001	0.3602	0
0.0001	0.0466	0.3604	-0.0001	0.0464	0.3602	0
0.0001	0.0466	0.3604	-0.0001	0.0464	0.3602	0
0.0001	0.2094	0.361	-0.0001	0.2092	0.3608	0
0.0001	0.0001	0.358	-0.0001	-0.0001	0.3578	0
0.0001	0.1164	0.3604	-0.0001	0.1162	0.3602	0
0.0001	0.0234	0.3604	-0.0001	0.0232	0.3602	0
0.0001	0.1396	0.3604	-0.0001	0.1394	0.3602	0
0.091	0.1396	0.2165	0.0908	0.1394	0.2163	0
0.0001	0.1164	0.3544	-0.0001	0.1162	0.3542	0
0.0001	0.0001	0.361	-0.0001	-0.0001	0.3608	0
0.0001	0.0234	0.3604	-0.0001	0.0232	0.3602	0
0.0001	0.0699	0.3604	-0.0001	0.0697	0.3602	0
0.0001	0.0234	0.361	-0.0001	0.0232	0.3608	0
0.0001	0.1396	0.361	-0.0001	0.1394	0.3608	0
0.0001	0.0234	0.3302	-0.0001	0.0232	0.33	0
0.0001	0.0234	0.361	-0.0001	0.0232	0.3608	0
0.0001	0.0931	0.3604	-0.0001	0.0929	0.3602	0
0.0001	0.0234	0.3604	-0.0001	0.0232	0.3602	0
0.0001	0.0466	0.8	-0.0001	0.0464	0.7998	0
0.0001	0.0234	0.3556	-0.0001	0.0232	0.3554	0
0.0001	0.0234	0.3592	-0.0001	0.0232	0.359	0
0.0001	0.0931	0.2704	-0.0001	0.0929	0.2702	0
0.091	0.0001	0.3604	0.0908	-0.0001	0.3602	0
0.0001	0.0931	0.3604	-0.0001	0.0929	0.3602	0
0.0001	0.0466	0.3604	-0.0001	0.0464	0.3602	0
0.0001	0.0001	0.361	-0.0001	-0.0001	0.3608	0
0.0001	0.1164	0.361	-0.0001	0.1162	0.3608	0
0.0001	0.0466	0.352	-0.0001	0.0464	0.3518	0
0.0001	0.0466	0.3393	-0.0001	0.0464	0.3391	0
0.0001	0.0001	0.361	-0.0001	-0.0001	0.3608	0
0.0001	0.0001	0.3598	-0.0001	-0.0001	0.3596	0
0.0001	0.1164	0.3592	-0.0001	0.1162	0.359	0
0.0001	0.0001	0.3592	-0.0001	-0.0001	0.359	0
0.0001	0.0001	0.3604	-0.0001	-0.0001	0.3602	0
0.0001	0.0234	0.3598	-0.0001	0.0232	0.3596	0
0.0001	0.0234	0.361	-0.0001	0.0232	0.3608	0
0.0001	0.0931	0.3604	-0.0001	0.0929	0.3602	0
0.0001	0.0234	0.3502	-0.0001	0.0232	0.35	0
0.0001	0.1861	0.3604	-0.0001	0.1859	0.3602	0
0.0001	0.0001	0.3604	-0.0001	-0.0001	0.3602	0
0.0001	0.0234	0.3604	-0.0001	0.0232	0.3602	0
0.0001	0.0001	0.361	-0.0001	-0.0001	0.3608	0
0.0001	0.0466	0.361	-0.0001	0.0464	0.3608	0
0.0001	0.0234	0.3036	-0.0001	0.0232	0.3034	0
0.0001	0.0234	0.3604	-0.0001	0.0232	0.3602	0
0.0001	0.0466	0.3598	-0.0001	0.0464	0.3596	0
0.0001	0.0466	0.3205	-0.0001	0.0464	0.3203	0
0.0001	0.0699	0.3604	-0.0001	0.0697	0.3602	0
0.0001	0.3024	0.303	-0.0001	0.3022	0.3028	0
0.0001	0.0001	0.3604	-0.0001	-0.0001	0.3602	0
0.0001	0.0001	0.3604	-0.0001	-0.0001	0.3602	0
0.0001	0.2559	0.3604	-0.0001	0.2557	0.3602	0
0.0001	0.0001	0.3604	-0.0001	-0.0001	0.3602	0
0.0001	0.0001	0.3604	-0.0001	-0.0001	0.3602	0
0.0001	0.0001	0.3604	-0.0001	-0.0001	0.3602	0
0.0001	0.0001	0.3604	-0.0001	-0.0001	0.3602	0
0.0001	0.0234	0.3459	-0.0001	0.0232	0.3457	0
0.0001	0.0234	0.3369	-0.0001	0.0232	0.3367	0
0.0001	0.1629	0.3604	-0.0001	0.1627	0.3602	0
0.0001	0.0234	0.3604	-0.0001	0.0232	0.3602	0
0.0001	0.0234	0.3604	-0.0001	0.0232	0.3602	0
0.0001	0.0931	0.3326	-0.0001	0.0929	0.3324	0
0.0001	0.0699	0.358	-0.0001	0.0697	0.3578	0
0.0001	0.0466	0.3574	-0.0001	0.0464	0.3572	0
0.0001	0.2792	0.3604	-0.0001	0.279	0.3602	0
0.0001	0.0001	0.361	-0.0001	-0.0001	0.3608	0
0.0001	0.3024	0.361	-0.0001	0.3022	0.3608	0
0.0001	0.0001	0.361	-0.0001	-0.0001	0.3608	0
0.091	0.1629	0.3604	0.0908	0.1627	0.3602	0
0.0001	0.0001	0.361	-0.0001	-0.0001	0.3608	0
0.0001	0.1629	0.3568	-0.0001	0.1627	0.3566	0
0.0001	0.0001	0.3604	-0.0001	-0.0001	0.3602	0
0.0001	0.0001	0.361	-0.0001	-0.0001	0.3608	0
0.0001	0.0466	0.3604	-0.0001	0.0464	0.3602	0
0.0001	0.0001	0.3604	-0.0001	-0.0001	0.3602	0
0.0001	0.0466	0.3604	-0.0001	0.0464	0.3602	0
0.0001	0.0001	0.361	-0.0001	-0.0001	0.3608	0
0.0001	0.0931	0.3604	-0.0001	0.0929	0.3602	0
0.0001	0.0001	0.3604	-0.0001	-0.0001	0.3602	0
0.0001	0.0234	0.3544	-0.0001	0.0232	0.3542	0
0.0001	0.0699	0.361	-0.0001	0.0697	0.3608	0
0.0001	0.1396	0.3604	-0.0001	0.1394	0.3602	0
0.0001	0.0001	0.3604	-0.0001	-0.0001	0.3602	0
0.0001	0.0234	0.3604	-0.0001	0.0232	0.3602	0
0.0001	0.0234	0.3604	-0.0001	0.0232	0.3602	0
0.0001	0.0234	0.3604	-0.0001	0.0232	0.3602	0
0.0001	0.0001	0.361	-0.0001	-0.0001	0.3608	0
0.0001	0.0001	0.3604	-0.0001	-0.0001	0.3602	0
0.0001	0.0699	0.3604	-0.0001	0.0697	0.3602	0
0.0001	0.0234	0.3393	-0.0001	0.0232	0.3391	0
0.0001	0.0001	0.3604	-0.0001	-0.0001	0.3602	0
0.0001	0.1861	0.3604	-0.0001	0.1859	0.3602	0
0.0001	0.0001	0.3604	-0.0001	-0.0001	0.3602	0
0.0001	0.0466	0.361	-0.0001	0.0464	0.3608	0
0.0001	0.1629	0.3429	-0.0001	0.1627	0.3427	0
0.0001	0.0699	0.4124	-0.0001	0.0697	0.4122	0
0.0001	0.1396	0.3598	-0.0001	0.1394	0.3596	0
0.0001	0.0001	0.3604	-0.0001	-0.0001	0.3602	0
0.0001	0.0001	0.3604	-0.0001	-0.0001	0.3602	0
0.0001	0.2094	0.3604	-0.0001	0.2092	0.3602	0
0.0001	0.0001	0.361	-0.0001	-0.0001	0.3608	0
0.0001	0.0001	0.361	-0.0001	-0.0001	0.3608	0
0.0001	0.0001	0.3598	-0.0001	-0.0001	0.3596	0
0.0001	0.1164	0.361	-0.0001	0.1162	0.3608	0
0.0001	0.0466	0.3604	-0.0001	0.0464	0.3602	0
0.0001	0.0699	0.361	-0.0001	0.0697	0.3608	0
0.0001	0.0699	0.3604	-0.0001	0.0697	0.3602	0
0.0001	0.0001	0.3604	-0.0001	-0.0001	0.3602	0
0.0001	0.2559	0.3604	-0.0001	0.2557	0.3602	0
0.0001	0.0466	0.5684	-0.0001	0.0464	0.5682	0
0.0001	0.0466	0.3604	-0.0001	0.0464	0.3602	0
0.0001	0.0466	0.361	-0.0001	0.0464	0.3608	0
0.0001	0.1861	0.361	-0.0001	0.1859	0.3608	0
0.0001	0.0466	0.3604	-0.0001	0.0464	0.3602	0
0.0001	0.0699	0.3604	-0.0001	0.0697	0.3602	0
0.0001	0.2094	0.3562	-0.0001	0.2092	0.356	0
0.0001	0.0931	0.3604	-0.0001	0.0929	0.3602	0
0.0001	0.0001	0.3604	-0.0001	-0.0001	0.3602	0
0.0001	0.0931	0.3604	-0.0001	0.0929	0.3602	0
0.0001	0.0234	0.335	-0.0001	0.0232	0.3348	0
0.091	0.0699	0.3719	0.0908	0.0697	0.3717	0
0.0001	0.0234	0.361	-0.0001	0.0232	0.3608	0
0.0001	0.0001	0.3604	-0.0001	-0.0001	0.3602	0
0.0001	0.0234	0.3604	-0.0001	0.0232	0.3602	0
0.0001	0.0001	0.3598	-0.0001	-0.0001	0.3596	0
0.0001	0.0931	0.3604	-0.0001	0.0929	0.3602	0
0.0001	0.0001	0.3604	-0.0001	-0.0001	0.3602	0
0.0001	0.0466	0.349	-0.0001	0.0464	0.3488	0
0.0001	0.0466	0.5382	-0.0001	0.0464	0.538	0
0.0001	0.0234	0.3447	-0.0001	0.0232	0.3445	0
0.0001	0.0699	0.3381	-0.0001	0.0697	0.3379	0
0.0001	0.0699	0.3604	-0.0001	0.0697	0.3602	0
0.0001	0.1396	0.3895	-0.0001	0.1394	0.3893	0
0.0001	0.0699	0.3604	-0.0001	0.0697	0.3602	0
0.0001	0.0001	0.3604	-0.0001	-0.0001	0.3602	0
0.0001	0.0466	0.3078	-0.0001	0.0464	0.3076	0
0.0001	0.0699	0.3042	-0.0001	0.0697	0.304	0
0.0001	0.0466	0.193	-0.0001	0.0464	0.1928	0
0.0001	0.0931	0.3272	-0.0001	0.0929	0.327	0
0.1819	0.1396	0.41	0.1817	0.1394	0.4098	0
0.0001	0.0699	0.3604	-0.0001	0.0697	0.3602	0
0.0001	0.0699	0.3604	-0.0001	0.0697	0.3602	0
0.0001	0.3024	0.3604	-0.0001	0.3022	0.3602	0
0.0001	0.0001	0.3604	-0.0001	-0.0001	0.3602	0
0.0001	0.0234	0.3447	-0.0001	0.0232	0.3445	0
0.0001	0.0466	0.3604	-0.0001	0.0464	0.3602	0
0.0001	0.3722	0.3604	-0.0001	0.372	0.3602	0
0.0001	0.0699	0.3604	-0.0001	0.0697	0.3602	0
0.0001	0.0699	0.3604	-0.0001	0.0697	0.3602	0
0.0001	0.1164	0.2595	-0.0001	0.1162	0.2593	0
0.0001	0.0931	0.3604	-0.0001	0.0929	0.3602	0
0.0001	0.0001	0.3604	-0.0001	-0.0001	0.3602	0
0.0001	0.0234	0.361	-0.0001	0.0232	0.3608	0
0.0001	0.0001	0.3604	-0.0001	-0.0001	0.3602	0
0.0001	0.0699	0.3586	-0.0001	0.0697	0.3584	0
0.0001	0.0466	0.3417	-0.0001	0.0464	0.3415	0
0.0001	0.0234	0.3604	-0.0001	0.0232	0.3602	0
0.0001	0.0001	0.361	-0.0001	-0.0001	0.3608	0
0.0001	0.0001	0.361	-0.0001	-0.0001	0.3608	0
0.0001	0.0001	0.3604	-0.0001	-0.0001	0.3602	0
0.0001	0.0001	0.358	-0.0001	-0.0001	0.3578	0
0.0001	0.0001	0.361	-0.0001	-0.0001	0.3608	0
0.0001	0.0466	0.3604	-0.0001	0.0464	0.3602	0
0.0001	0.0001	0.3604	-0.0001	-0.0001	0.3602	0
0.0001	0.0699	0.3604	-0.0001	0.0697	0.3602	0
0.0001	0.0234	0.3604	-0.0001	0.0232	0.3602	0
0.0001	0.0001	0.3592	-0.0001	-0.0001	0.359	0
0.0001	0.0001	0.3604	-0.0001	-0.0001	0.3602	0
0.0001	0.0001	0.361	-0.0001	-0.0001	0.3608	0
0.0001	0.0466	0.3604	-0.0001	0.0464	0.3602	0
0.0001	0.0234	0.352	-0.0001	0.0232	0.3518	0
0.0001	0.0001	0.3604	-0.0001	-0.0001	0.3602	0
0.0001	0.1629	0.3532	-0.0001	0.1627	0.353	0
0.0001	0.0466	0.3429	-0.0001	0.0464	0.3427	0
0.0001	0.0466	0.3604	-0.0001	0.0464	0.3602	0
0.0001	0.1164	0.361	-0.0001	0.1162	0.3608	0
0.0001	0.0001	0.361	-0.0001	-0.0001	0.3608	0
0.0001	0.0001	0.361	-0.0001	-0.0001	0.3608	0
0.0001	0.0699	0.2552	-0.0001	0.0697	0.255	0
0.0001	0.0466	0.361	-0.0001	0.0464	0.3608	0
0.0001	0.0001	0.3604	-0.0001	-0.0001	0.3602	0
0.0001	0.0931	0.361	-0.0001	0.0929	0.3608	0
0.091	0.0234	0.3604	0.0908	0.0232	0.3602	0
0.0001	0.2327	0.3502	-0.0001	0.2325	0.35	0
0.0001	0.0001	0.3604	-0.0001	-0.0001	0.3602	0
0.0001	0.0234	0.3604	-0.0001	0.0232	0.3602	0
0.0001	0.0234	0.3598	-0.0001	0.0232	0.3596	0
0.0001	0.0234	0.2619	-0.0001	0.0232	0.2617	0
0.0001	0.0001	0.3604	-0.0001	-0.0001	0.3602	0
0.0001	0.1396	0.3604	-0.0001	0.1394	0.3602	0
0.0001	0.0234	0.3604	-0.0001	0.0232	0.3602	0
0.0001	0.0466	0.3816	-0.0001	0.0464	0.3814	0
0.0001	0.0234	0.3604	-0.0001	0.0232	0.3602	0
0.0001	0.0001	0.3604	-0.0001	-0.0001	0.3602	0
0.091	0.0234	0.3604	0.0908	0.0232	0.3602	0
0.0001	0.0234	0.3568	-0.0001	0.0232	0.3566	0
0.0001	0.0234	0.3604	-0.0001	0.0232	0.3602	0
0.0001	0.1396	0.3459	-0.0001	0.1394	0.3457	0
0.0001	0.0001	0.361	-0.0001	-0.0001	0.3608	0
0.0001	0.0466	0.2135	-0.0001	0.0464	0.2133	0
0.0001	0.1164	0.3604	-0.0001	0.1162	0.3602	0
0.0001	0.0234	0.3604	-0.0001	0.0232	0.3602	0
0.0001	0.0001	0.3604	-0.0001	-0.0001	0.3602	0
0.091	0.1164	0.2921	0.0908	0.1162	0.2919	0
0.0001	0.0466	0.3604	-0.0001	0.0464	0.3602	0
0.0001	0.2559	0.3604	-0.0001	0.2557	0.3602	0
0.0001	0.2559	0.3592	-0.0001	0.2557	0.359	0
0.0001	0.1629	0.3604	-0.0001	0.1627	0.3602	0
0.0001	0.0234	0.3598	-0.0001	0.0232	0.3596	0
0.0001	0.0001	0.3604	-0.0001	-0.0001	0.3602	0
0.0001	0.1164	0.3604	-0.0001	0.1162	0.3602	0
0.0001	0.0234	0.3604	-0.0001	0.0232	0.3602	0
0.0001	0.0466	0.3399	-0.0001	0.0464	0.3397	0
0.0001	0.0001	0.3604	-0.0001	-0.0001	0.3602	0
0.0001	0.0001	0.3604	-0.0001	-0.0001	0.3602	0
0.0001	0.0466	0.3604	-0.0001	0.0464	0.3602	0
0.0001	0.2094	0.361	-0.0001	0.2092	0.3608	0
0.0001	0.0699	0.3344	-0.0001	0.0697	0.3342	0
0.0001	0.0931	0.3604	-0.0001	0.0929	0.3602	0
0.0001	0.0234	0.3236	-0.0001	0.0232	0.3234	0
0.0001	0.2327	0.3604	-0.0001	0.2325	0.3602	0
0.0001	0.0001	0.3604	-0.0001	-0.0001	0.3602	0
0.0001	0.0001	0.3604	-0.0001	-0.0001	0.3602	0
0.0001	0.0234	0.361	-0.0001	0.0232	0.3608	0
0.0001	0.2559	0.3399	-0.0001	0.2557	0.3397	0
0.0001	0.0234	0.3598	-0.0001	0.0232	0.3596	0
0.0001	0.0001	0.361	-0.0001	-0.0001	0.3608	0
0.0001	0.0001	0.3604	-0.0001	-0.0001	0.3602	0
0.0001	0.0466	0.3393	-0.0001	0.0464	0.3391	0
0.0001	0.0001	0.3604	-0.0001	-0.0001	0.3602	0
0.0001	0.2792	0.361	-0.0001	0.279	0.3608	0
0.091	0.0466	0.3604	0.0908	0.0464	0.3602	0
0.0001	0.0001	0.3604	-0.0001	-0.0001	0.3602	0
0.0001	0.0699	0.361	-0.0001	0.0697	0.3608	0
0.0001	0.0234	0.3604	-0.0001	0.0232	0.3602	0
0.0001	0.0234	0.361	-0.0001	0.0232	0.3608	0
0.091	0.0001	0.3604	0.0908	-0.0001	0.3602	0
0.1819	0.0466	0.3604	0.1817	0.0464	0.3602	0
0.0001	0.0234	0.3048	-0.0001	0.0232	0.3046	0
0.0001	0.0234	0.3242	-0.0001	0.0232	0.324	0
0.0001	0.0001	0.3598	-0.0001	-0.0001	0.3596	1
0.0001	0.0234	0.3369	-0.0001	0.0232	0.3367	1
0.0001	0.0234	0.3604	-0.0001	0.0232	0.3602	1
0.0001	0.0466	0.3604	-0.0001	0.0464	0.3602	1
0.0001	0.0931	0.361	-0.0001	0.0929	0.3608	1
0.0001	0.5582	0.3604	-0.0001	0.558	0.3602	1
0.0001	0.0234	0.3604	-0.0001	0.0232	0.3602	1
0.0001	0.0699	0.3604	-0.0001	0.0697	0.3602	1
0.0001	0.0234	0.3459	-0.0001	0.0232	0.3457	1
0.091	0.0001	0.3604	0.0908	-0.0001	0.3602	1
0.0001	0.1629	0.3604	-0.0001	0.1627	0.3602	1
0.0001	0.0234	0.3604	-0.0001	0.0232	0.3602	1
0.0001	0.0699	0.3604	-0.0001	0.0697	0.3602	1
0.0001	0.0234	0.361	-0.0001	0.0232	0.3608	1
0.0001	0.1861	0.3604	-0.0001	0.1859	0.3602	1
0.0001	0.0234	0.3592	-0.0001	0.0232	0.359	1
0.0001	0.1629	0.3604	-0.0001	0.1627	0.3602	1
0.0001	0.0234	0.3604	-0.0001	0.0232	0.3602	1
0.0001	0.0234	0.361	-0.0001	0.0232	0.3608	1
0.0001	0.0466	0.2957	-0.0001	0.0464	0.2955	1
0.0001	0.1629	0.3357	-0.0001	0.1627	0.3355	1
0.0001	0.0234	0.3604	-0.0001	0.0232	0.3602	1
0.0001	0.0931	0.3308	-0.0001	0.0929	0.3306	1
0.0001	0.0001	0.3604	-0.0001	-0.0001	0.3602	1
0.0001	0.3024	0.3604	-0.0001	0.3022	0.3602	1
0.0001	0.1629	0.3604	-0.0001	0.1627	0.3602	1
0.0001	0.0699	0.361	-0.0001	0.0697	0.3608	1
0.0001	0.0001	0.3604	-0.0001	-0.0001	0.3602	1
0.0001	0.628	0.3604	-0.0001	0.6278	0.3602	1
0.0001	0.1629	0.361	-0.0001	0.1627	0.3608	1
0.0001	0.0931	0.3532	-0.0001	0.0929	0.353	1
0.091	0.1164	0.3604	0.0908	0.1162	0.3602	1
0.0001	0.0001	0.3604	-0.0001	-0.0001	0.3602	1
0.0001	0.2094	0.3604	-0.0001	0.2092	0.3602	1
0.0001	0.0001	0.3604	-0.0001	-0.0001	0.3602	1
0.0001	0.1396	0.361	-0.0001	0.1394	0.3608	1
0.0001	0.3722	0.3604	-0.0001	0.372	0.3602	1
0.0001	0.0466	0.3604	-0.0001	0.0464	0.3602	1
0.0001	0.1396	0.3604	-0.0001	0.1394	0.3602	1
0.0001	0.1396	0.3604	-0.0001	0.1394	0.3602	1
0.0001	0.0234	0.3604	-0.0001	0.0232	0.3602	1
0.0001	0.0001	0.3586	-0.0001	-0.0001	0.3584	1
0.0001	0.0001	0.3604	-0.0001	-0.0001	0.3602	1
0.091	0.0931	0.3604	0.0908	0.0929	0.3602	1
0.0001	0.0234	0.3604	-0.0001	0.0232	0.3602	1
0.0001	0.0234	0.3604	-0.0001	0.0232	0.3602	1
0.1819	0.0234	0.3604	0.1817	0.0232	0.3602	1
0.0001	0.1164	0.3586	-0.0001	0.1162	0.3584	1
0.0001	0.0234	0.3604	-0.0001	0.0232	0.3602	1
0.0001	0.0001	0.3604	-0.0001	-0.0001	0.3602	1
0.0001	0.0001	0.3604	-0.0001	-0.0001	0.3602	1
0.0001	0.0001	0.3604	-0.0001	-0.0001	0.3602	1
0.0001	0.1629	0.361	-0.0001	0.1627	0.3608	1
0.0001	0.0234	0.3604	-0.0001	0.0232	0.3602	1
0.091	0.0466	0.361	0.0908	0.0464	0.3608	1
0.0001	0.0234	0.3562	-0.0001	0.0232	0.356	1
0.0001	0.0001	0.3604	-0.0001	-0.0001	0.3602	1
0.0001	0.0234	0.361	-0.0001	0.0232	0.3608	1
0.0001	0.0001	0.3604	-0.0001	-0.0001	0.3602	1
0.0001	0.0931	0.361	-0.0001	0.0929	0.3608	1
0.0001	0.1629	0.3604	-0.0001	0.1627	0.3602	1
0.0001	0.0001	0.3604	-0.0001	-0.0001	0.3602	1
0.0001	0.0001	0.3604	-0.0001	-0.0001	0.3602	1
0.0001	0.0699	0.349	-0.0001	0.0697	0.3488	1
0.0001	0.0466	0.3604	-0.0001	0.0464	0.3602	1
0.0001	0.2327	0.6089	-0.0001	0.2325	0.6087	1
0.0001	0.0001	0.3592	-0.0001	-0.0001	0.359	1
0.0001	0.0001	0.3604	-0.0001	-0.0001	0.3602	1
0.0001	0.0234	0.3604	-0.0001	0.0232	0.3602	1
0.0001	0.2094	0.514	-0.0001	0.2092	0.5138	1
0.0001	0.0001	0.361	-0.0001	-0.0001	0.3608	1
0.0001	0.2327	0.3604	-0.0001	0.2325	0.3602	1
0.0001	0.0001	0.3604	-0.0001	-0.0001	0.3602	1
0.0001	0.0001	0.3604	-0.0001	-0.0001	0.3602	1
0.0001	0.4652	0.3604	-0.0001	0.465	0.3602	1
0.0001	0.0699	0.3604	-0.0001	0.0697	0.3602	1
0.0001	0.0001	0.3604	-0.0001	-0.0001	0.3602	1
0.0001	0.0001	0.3604	-0.0001	-0.0001	0.3602	1
0.0001	0.0234	0.4142	-0.0001	0.0232	0.414	1
0.0001	0.0931	0.3604	-0.0001	0.0929	0.3602	1
0.0001	0.0001	0.3604	-0.0001	-0.0001	0.3602	1
0.0001	0.0001	0.3604	-0.0001	-0.0001	0.3602	1
0.0001	0.0001	0.3604	-0.0001	-0.0001	0.3602	1
0.0001	0.0001	0.361	-0.0001	-0.0001	0.3608	1
0.3637	0.1861	0.3604	0.3635	0.1859	0.3602	1
0.0001	0.0466	0.361	-0.0001	0.0464	0.3608	1
0.091	0.2559	0.3604	0.0908	0.2557	0.3602	1
0.0001	0.1396	0.3496	-0.0001	0.1394	0.3494	1
0.0001	0.0931	0.3604	-0.0001	0.0929	0.3602	1
0.0001	0.0001	0.3604	-0.0001	-0.0001	0.3602	1
0.0001	0.0234	0.3604	-0.0001	0.0232	0.3602	1
0.0001	0.0466	0.3199	-0.0001	0.0464	0.3197	1
0.0001	0.0001	0.361	-0.0001	-0.0001	0.3608	1
0.0001	0.0931	0.3453	-0.0001	0.0929	0.3451	1
0.0001	0.0931	0.3604	-0.0001	0.0929	0.3602	1
0.0001	0.0001	0.3604	-0.0001	-0.0001	0.3602	1
0.0001	0.0001	0.361	-0.0001	-0.0001	0.3608	1
0.0001	0.0001	0.3604	-0.0001	-0.0001	0.3602	1
0.0001	0.0234	0.3604	-0.0001	0.0232	0.3602	1
0.0001	0.3722	0.3604	-0.0001	0.372	0.3602	1
0.091	0.1861	0.4161	0.0908	0.1859	0.4159	1
0.0001	0.0466	0.3477	-0.0001	0.0464	0.3475	1
0.0001	0.3024	0.361	-0.0001	0.3022	0.3608	1
0.0001	0.0001	0.361	-0.0001	-0.0001	0.3608	1
0.0001	0.0001	0.3604	-0.0001	-0.0001	0.3602	1
0.0001	0.0234	0.3459	-0.0001	0.0232	0.3457	1
0.0001	0.0001	0.3604	-0.0001	-0.0001	0.3602	1
0.0001	0.5582	0.361	-0.0001	0.558	0.3608	1
0.0001	0.0699	0.3604	-0.0001	0.0697	0.3602	1
0.0001	0.0001	0.3604	-0.0001	-0.0001	0.3602	1
0.0001	0.0001	0.3604	-0.0001	-0.0001	0.3602	1
0.0001	0.0001	0.3598	-0.0001	-0.0001	0.3596	1
0.0001	0.0466	0.3604	-0.0001	0.0464	0.3602	1
0.091	0.0234	0.3326	0.0908	0.0232	0.3324	1
0.0001	0.0234	0.3604	-0.0001	0.0232	0.3602	1
0.0001	0.0466	0.3604	-0.0001	0.0464	0.3602	1
0.0001	0.0001	0.3604	-0.0001	-0.0001	0.3602	1
0.0001	0.0931	0.3604	-0.0001	0.0929	0.3602	1
0.0001	0.0931	0.361	-0.0001	0.0929	0.3608	1
0.0001	0.2792	0.3604	-0.0001	0.279	0.3602	1
0.0001	0.1164	0.3604	-0.0001	0.1162	0.3602	1
0.0001	0.0001	0.3604	-0.0001	-0.0001	0.3602	1
0.0001	0.0931	0.3604	-0.0001	0.0929	0.3602	1
0.0001	0.0001	0.3604	-0.0001	-0.0001	0.3602	1
0.0001	0.0699	0.3598	-0.0001	0.0697	0.3596	1
0.0001	0.0001	0.361	-0.0001	-0.0001	0.3608	1
0.0001	0.0466	0.361	-0.0001	0.0464	0.3608	1
0.0001	0.0234	0.361	-0.0001	0.0232	0.3608	1
0.0001	0.0699	0.361	-0.0001	0.0697	0.3608	1
0.0001	0.1396	0.7855	-0.0001	0.1394	0.7853	1
0.0001	0.4652	0.2129	-0.0001	0.465	0.2127	1
0.0001	0.1629	0.3604	-0.0001	0.1627	0.3602	1
0.0001	0.0001	0.361	-0.0001	-0.0001	0.3608	1
0.0001	0.3954	0.3598	-0.0001	0.3952	0.3596	1
0.0001	0.0466	0.5122	-0.0001	0.0464	0.512	1
0.0001	0.535	0.3792	-0.0001	0.5348	0.379	1
0.0001	0.0234	0.3604	-0.0001	0.0232	0.3602	1
0.0001	0.0699	0.3604	-0.0001	0.0697	0.3602	1
0.0001	0.0466	0.361	-0.0001	0.0464	0.3608	1
0.0001	0.0699	0.5116	-0.0001	0.0697	0.5114	1
0.2728	0.0001	0.3604	0.2726	-0.0001	0.3602	1
0.0001	0.5117	0.3604	-0.0001	0.5115	0.3602	1
0.0001	0.0234	0.4294	-0.0001	0.0232	0.4292	1
0.0001	0.0234	0.3604	-0.0001	0.0232	0.3602	1
0.0001	0.1861	0.361	-0.0001	0.1859	0.3608	1
0.0001	0.0466	0.361	-0.0001	0.0464	0.3608	1
0.0001	0.1861	0.3604	-0.0001	0.1859	0.3602	1
0.0001	0.0466	0.3604	-0.0001	0.0464	0.3602	1
0.091	0.0234	0.361	0.0908	0.0232	0.3608	1
0.0001	0.0001	0.3604	-0.0001	-0.0001	0.3602	1
0.0001	0.0234	0.3604	-0.0001	0.0232	0.3602	1
0.0001	0.0001	0.3604	-0.0001	-0.0001	0.3602	1
0.0001	0.0234	0.352	-0.0001	0.0232	0.3518	1
0.0001	0.2792	0.3604	-0.0001	0.279	0.3602	1
0.0001	0.1861	0.361	-0.0001	0.1859	0.3608	1
0.1819	0.4652	0.3604	0.1817	0.465	0.3602	1
0.0001	0.2327	0.361	-0.0001	0.2325	0.3608	1
0.0001	0.0001	0.361	-0.0001	-0.0001	0.3608	1
0.0001	0.0001	0.3604	-0.0001	-0.0001	0.3602	1
0.0001	0.0001	0.3604	-0.0001	-0.0001	0.3602	1
0.0001	0.0001	0.3604	-0.0001	-0.0001	0.3602	1
0.0001	0.0001	0.3604	-0.0001	-0.0001	0.3602	1
0.0001	0.0234	0.3604	-0.0001	0.0232	0.3602	1
0.0001	0.4187	0.3604	-0.0001	0.4185	0.3602	1
0.0001	0.0001	0.3604	-0.0001	-0.0001	0.3602	1
0.0001	0.0001	0.3604	-0.0001	-0.0001	0.3602	1
0.0001	0.0466	0.3604	-0.0001	0.0464	0.3602	1
0.0001	0.0699	0.3604	-0.0001	0.0697	0.3602	1
0.0001	0.0001	0.3604	-0.0001	-0.0001	0.3602	1
0.4546	0.3954	0.4245	0.4544	0.3952	0.4243	1
0.0001	0.0931	0.3604	-0.0001	0.0929	0.3602	1
0.0001	0.0466	0.3604	-0.0001	0.0464	0.3602	1
0.0001	0.0001	0.361	-0.0001	-0.0001	0.3608	1
0.0001	0.0234	0.4136	-0.0001	0.0232	0.4134	1
0.091	0.1396	0.361	0.0908	0.1394	0.3608	1
0.0001	0.0234	0.361	-0.0001	0.0232	0.3608	1
0.0001	0.0931	0.3604	-0.0001	0.0929	0.3602	1
0.0001	0.0001	0.3604	-0.0001	-0.0001	0.3602	1
0.0001	0.2327	0.3604	-0.0001	0.2325	0.3602	1
0.0001	0.0466	0.5086	-0.0001	0.0464	0.5084	1
0.0001	0.0699	0.3604	-0.0001	0.0697	0.3602	1
0.0001	0.1396	0.4294	-0.0001	0.1394	0.4292	1
0.0001	0.0234	0.3604	-0.0001	0.0232	0.3602	1
0.0001	0.5117	0.3604	-0.0001	0.5115	0.3602	1
0.0001	0.1629	0.3604	-0.0001	0.1627	0.3602	1
0.0001	0.0234	0.3604	-0.0001	0.0232	0.3602	1
0.0001	0.0001	0.3604	-0.0001	-0.0001	0.3602	1
0.0001	0.1629	0.361	-0.0001	0.1627	0.3608	1
0.0001	0.0001	0.361	-0.0001	-0.0001	0.3608	1
0.0001	0.2094	0.3604	-0.0001	0.2092	0.3602	1
0.0001	0.0234	0.3369	-0.0001	0.0232	0.3367	1
0.0001	0.0234	0.3604	-0.0001	0.0232	0.3602	1
0.0001	0.442	0.3604	-0.0001	0.4418	0.3602	1
0.0001	0.0931	0.3604	-0.0001	0.0929	0.3602	1
0.0001	0.0466	0.361	-0.0001	0.0464	0.3608	1
0.091	0.0466	0.3604	0.0908	0.0464	0.3602	1
0.0001	0.1164	0.361	-0.0001	0.1162	0.3608	1
0.0001	0.0001	0.3604	-0.0001	-0.0001	0.3602	1
0.0001	0.0234	0.3604	-0.0001	0.0232	0.3602	1
0.0001	0.0931	0.3604	-0.0001	0.0929	0.3602	1
0.0001	0.1629	0.3604	-0.0001	0.1627	0.3602	1
0.0001	0.0234	0.361	-0.0001	0.0232	0.3608	1
0.0001	0.0001	0.3604	-0.0001	-0.0001	0.3602	1
0.0001	0.0001	0.3604	-0.0001	-0.0001	0.3602	1
0.0001	0.0234	0.3604	-0.0001	0.0232	0.3602	1
0.0001	0.2792	0.3604	-0.0001	0.279	0.3602	1
0.0001	0.0001	0.3604	-0.0001	-0.0001	0.3602	1
0.0001	0.0001	0.361	-0.0001	-0.0001	0.3608	1
0.0001	0.0466	0.3604	-0.0001	0.0464	0.3602	1
0.0001	0.0466	0.3907	-0.0001	0.0464	0.3905	1
0.0001	0.0001	0.3598	-0.0001	-0.0001	0.3596	1
0.0001	0.0001	0.3604	-0.0001	-0.0001	0.3602	1
0.0001	0.0001	0.3604	-0.0001	-0.0001	0.3602	1
0.0001	0.0466	0.3598	-0.0001	0.0464	0.3596	1
0.0001	0.1164	0.361	-0.0001	0.1162	0.3608	1
0.0001	0.0001	0.3604	-0.0001	-0.0001	0.3602	1
0.0001	0.0001	0.3568	-0.0001	-0.0001	0.3566	1
0.0001	0.0234	0.3604	-0.0001	0.0232	0.3602	1
0.0001	0.0466	0.3471	-0.0001	0.0464	0.3469	1
0.0001	0.0001	0.3604	-0.0001	-0.0001	0.3602	1
0.0001	0.0466	0.3604	-0.0001	0.0464	0.3602	1
0.0001	0.0001	0.4354	-0.0001	-0.0001	0.4352	1
0.0001	0.0234	0.3447	-0.0001	0.0232	0.3445	1
0.0001	0.0234	0.3604	-0.0001	0.0232	0.3602	1
0.0001	0.0234	0.4288	-0.0001	0.0232	0.4286	1
0.0001	0.0931	0.3453	-0.0001	0.0929	0.3451	1
0.0001	0.1861	0.361	-0.0001	0.1859	0.3608	1
0.0001	0.3024	0.3604	-0.0001	0.3022	0.3602	1
0.0001	0.0001	0.3598	-0.0001	-0.0001	0.3596	1
0.0001	0.0234	0.3556	-0.0001	0.0232	0.3554	1
0.0001	0.0001	0.361	-0.0001	-0.0001	0.3608	1
0.0001	0.0001	0.3363	-0.0001	-0.0001	0.3361	1
0.0001	0.0466	0.488	-0.0001	0.0464	0.4878	1
0.0001	0.0234	0.3604	-0.0001	0.0232	0.3602	1
0.0001	0.0001	0.3604	-0.0001	-0.0001	0.3602	1
0.0001	0.0001	0.361	-0.0001	-0.0001	0.3608	1
0.0001	0.3722	0.3604	-0.0001	0.372	0.3602	1
0.0001	0.1164	0.361	-0.0001	0.1162	0.3608	1
0.0001	0.0699	0.361	-0.0001	0.0697	0.3608	1
0.0001	0.721	0.3477	-0.0001	0.7208	0.3475	1
0.0001	0.0001	0.361	-0.0001	-0.0001	0.3608	1
0.0001	0.0001	0.361	-0.0001	-0.0001	0.3608	1
0.0001	0.0931	0.4427	-0.0001	0.0929	0.4425	1
0.0001	0.0001	0.3604	-0.0001	-0.0001	0.3602	1
0.0001	0.0001	0.3604	-0.0001	-0.0001	0.3602	1
0.0001	0.0699	0.3749	-0.0001	0.0697	0.3747	1
0.1819	0.2792	0.3604	0.1817	0.279	0.3602	1
0.0001	0.0699	0.3737	-0.0001	0.0697	0.3735	1
0.0001	0.0931	0.3604	-0.0001	0.0929	0.3602	1
0.0001	0.0466	0.3604	-0.0001	0.0464	0.3602	1
0.0001	0.1861	0.3816	-0.0001	0.1859	0.3814	1
0.0001	0.2094	0.3604	-0.0001	0.2092	0.3602	1
0.0001	0.0931	0.3526	-0.0001	0.0929	0.3524	1
0.0001	0.0466	0.361	-0.0001	0.0464	0.3608	1
0.0001	0.0466	0.3604	-0.0001	0.0464	0.3602	1
0.0001	0.0001	0.3604	-0.0001	-0.0001	0.3602	1
0.091	0.0466	0.3604	0.0908	0.0464	0.3602	1
0.0001	0.3722	0.3604	-0.0001	0.372	0.3602	1
0.0001	0.0466	0.3465	-0.0001	0.0464	0.3463	1
0.0001	0.0234	0.361	-0.0001	0.0232	0.3608	1
0.0001	0.0699	0.3302	-0.0001	0.0697	0.33	1
0.0001	0.1164	0.361	-0.0001	0.1162	0.3608	1
0.0001	0.0001	0.361	-0.0001	-0.0001	0.3608	1
0.0001	0.1861	0.3604	-0.0001	0.1859	0.3602	1
0.0001	0.3024	0.3604	-0.0001	0.3022	0.3602	1
0.0001	0.0234	0.4916	-0.0001	0.0232	0.4914	1
0.0001	0.0234	0.361	-0.0001	0.0232	0.3608	1
0.091	0.1629	0.3024	0.0908	0.1627	0.3022	1
0.0001	0.1396	0.2945	-0.0001	0.1394	0.2943	1
0.0001	0.2094	0.3604	-0.0001	0.2092	0.3602	1
0.0001	0.4885	0.3604	-0.0001	0.4883	0.3602	1
0.0001	0.0001	0.3592	-0.0001	-0.0001	0.359	1
0.0001	0.0466	0.3399	-0.0001	0.0464	0.3397	1
0.091	0.0466	0.3604	0.0908	0.0464	0.3602	1
0.0001	0.0466	0.358	-0.0001	0.0464	0.3578	1
0.0001	0.0234	0.361	-0.0001	0.0232	0.3608	1
0.0001	0.0001	0.3604	-0.0001	-0.0001	0.3602	1
0.091	0.0234	0.3363	0.0908	0.0232	0.3361	1
0.0001	0.0234	0.3435	-0.0001	0.0232	0.3433	1
0.0001	0.0234	0.2389	-0.0001	0.0232	0.2387	1
0.0001	0.1164	0.3604	-0.0001	0.1162	0.3602	1
0.0001	0.0234	0.3598	-0.0001	0.0232	0.3596	1
0.0001	0.1396	0.3604	-0.0001	0.1394	0.3602	1
0.091	0.1629	0.3604	0.0908	0.1627	0.3602	1
0.0001	0.3722	0.3604	-0.0001	0.372	0.3602	1
0.0001	0.0001	0.3604	-0.0001	-0.0001	0.3602	1
0.0001	0.2792	0.323	-0.0001	0.279	0.3228	1
0.091	0.1396	0.3604	0.0908	0.1394	0.3602	1
0.0001	0.0234	0.358	-0.0001	0.0232	0.3578	1
0.0001	0.0234	0.3598	-0.0001	0.0232	0.3596	1
0.0001	0.0931	0.3604	-0.0001	0.0929	0.3602	1
0.0001	0.0466	0.3604	-0.0001	0.0464	0.3602	1
0.0001	0.0234	0.3604	-0.0001	0.0232	0.3602	1
0.0001	0.1164	0.3604	-0.0001	0.1162	0.3602	1
0.0001	0.0234	0.3604	-0.0001	0.0232	0.3602	1
0.0001	0.3257	0.361	-0.0001	0.3255	0.3608	1
0.0001	0.3954	0.3604	-0.0001	0.3952	0.3602	1
0.0001	0.0001	0.3568	-0.0001	-0.0001	0.3566	1
0.0001	0.0234	0.3604	-0.0001	0.0232	0.3602	1
0.0001	0.0001	0.3592	-0.0001	-0.0001	0.359	1
0.0001	0.0466	0.3604	-0.0001	0.0464	0.3602	1
0.0001	0.1861	0.3604	-0.0001	0.1859	0.3602	1
0.0001	0.0001	0.361	-0.0001	-0.0001	0.3608	1
0.0001	0.4885	0.3604	-0.0001	0.4883	0.3602	1
0.0001	0.0001	0.3598	-0.0001	-0.0001	0.3596	1
0.0001	0.0466	0.3604	-0.0001	0.0464	0.3602	1
0.0001	0.0001	0.3604	-0.0001	-0.0001	0.3602	1
0.0001	0.0234	0.3598	-0.0001	0.0232	0.3596	1
0.0001	0.0234	0.3846	-0.0001	0.0232	0.3844	1
0.0001	0.0001	0.3604	-0.0001	-0.0001	0.3602	1
0.0001	0.0234	0.4342	-0.0001	0.0232	0.434	1
0.0001	0.2792	0.3604	-0.0001	0.279	0.3602	1
0.0001	0.1396	0.3604	-0.0001	0.1394	0.3602	1
0.0001	0.0001	0.3604	-0.0001	-0.0001	0.3602	1
0.0001	0.0931	0.361	-0.0001	0.0929	0.3608	1
0.0001	0.0234	0.4197	-0.0001	0.0232	0.4195	1
0.0001	0.0699	0.3604	-0.0001	0.0697	0.3602	1
0.0001	0.0234	0.361	-0.0001	0.0232	0.3608	1
0.0001	0.0931	0.3604	-0.0001	0.0929	0.3602	1
0.0001	0.0001	0.3604	-0.0001	-0.0001	0.3602	1
0.0001	0.1629	0.3604	-0.0001	0.1627	0.3602	1
0.0001	0.0001	0.3604	-0.0001	-0.0001	0.3602	1
0.0001	0.1164	0.3604	-0.0001	0.1162	0.3602	1
0.091	0.0234	0.361	0.0908	0.0232	0.3608	1
0.0001	0.0001	0.361	-0.0001	-0.0001	0.3608	1
0.0001	0.2792	0.3604	-0.0001	0.279	0.3602	1
0.0001	0.0001	0.3604	-0.0001	-0.0001	0.3602	1
0.0001	0.0466	0.3604	-0.0001	0.0464	0.3602	1
0.0001	0.0699	0.3604	-0.0001	0.0697	0.3602	1
0.0001	0.0234	0.361	-0.0001	0.0232	0.3608	1
0.0001	0.3257	0.3604	-0.0001	0.3255	0.3602	1
0.0001	0.0234	0.3556	-0.0001	0.0232	0.3554	1
0.0001	0.0234	0.3586	-0.0001	0.0232	0.3584	1
0.0001	0.1164	0.3604	-0.0001	0.1162	0.3602	1
0.091	0.2327	0.3586	0.0908	0.2325	0.3584	1
0.0001	0.0234	0.3532	-0.0001	0.0232	0.353	1
0.0001	0.3954	0.3604	-0.0001	0.3952	0.3602	1
0.0001	0.0001	0.3604	-0.0001	-0.0001	0.3602	1
0.0001	0.0001	0.361	-0.0001	-0.0001	0.3608	1
0.0001	0.2559	0.352	-0.0001	0.2557	0.3518	1
0.0001	0.0001	0.361	-0.0001	-0.0001	0.3608	1
0.0001	0.0234	0.3604	-0.0001	0.0232	0.3602	1
0.0001	0.0234	0.3604	-0.0001	0.0232	0.3602	1
0.0001	0.0001	0.3604	-0.0001	-0.0001	0.3602	1
0.0001	0.0001	0.3604	-0.0001	-0.0001	0.3602	1
0.0001	0.0001	0.3604	-0.0001	-0.0001	0.3602	1
0.0001	0.0234	0.3604	-0.0001	0.0232	0.3602	1
0.0001	0.1396	0.3604	-0.0001	0.1394	0.3602	1
0.0001	0.1396	0.3604	-0.0001	0.1394	0.3602	1
0.1819	0.1396	0.3405	0.1817	0.1394	0.3403	1
0.0001	0.0001	0.3604	-0.0001	-0.0001	0.3602	1
0.091	0.0234	0.4499	0.0908	0.0232	0.4497	1
0.0001	0.0234	0.3139	-0.0001	0.0232	0.3137	1
0.0001	0.0931	0.3604	-0.0001	0.0929	0.3602	1
0.0001	0.0001	0.3604	-0.0001	-0.0001	0.3602	1
0.091	0.0001	0.361	0.0908	-0.0001	0.3608	1
0.0001	0.0931	0.2673	-0.0001	0.0929	0.2671	1
0.0001	0.0234	0.3604	-0.0001	0.0232	0.3602	1
0.0001	0.0234	0.3604	-0.0001	0.0232	0.3602	1
0.0001	0.1861	0.3604	-0.0001	0.1859	0.3602	1
0.0001	0.0931	0.361	-0.0001	0.0929	0.3608	1
0.0001	0.0931	0.361	-0.0001	0.0929	0.3608	1
0.0001	0.0001	0.3604	-0.0001	-0.0001	0.3602	1
0.0001	0.1396	0.3604	-0.0001	0.1394	0.3602	1
0.0001	0.0234	0.3604	-0.0001	0.0232	0.3602	1
0.0001	0.0931	0.3453	-0.0001	0.0929	0.3451	1
0.0001	0.1164	0.277	-0.0001	0.1162	0.2768	1
0.0001	0.0699	0.1869	-0.0001	0.0697	0.1867	1
0.0001	0.0234	0.3604	-0.0001	0.0232	0.3602	1
0.0001	0.0466	0.3441	-0.0001	0.0464	0.3439	1
0.0001	0.0234	0.2915	-0.0001	0.0232	0.2913	1
0.0001	0.0234	0.754	-0.0001	0.0232	0.7538	1
0.0001	0.0001	0.361	-0.0001	-0.0001	0.3608	1
0.0001	0.0466	0.3604	-0.0001	0.0464	0.3602	1
0.0001	0.1396	0.5847	-0.0001	0.1394	0.5845	1
0.0001	0.0001	0.3604	-0.0001	-0.0001	0.3602	1
0.0001	0.0234	0.361	-0.0001	0.0232	0.3608	1
1.0001	0.0466	0.3604	0.9999	0.0464	0.3602	1
0.0001	0.0466	0.3604	-0.0001	0.0464	0.3602	1
0.0001	0.0234	0.3604	-0.0001	0.0232	0.3602	1
0.0001	0.0466	0.3604	-0.0001	0.0464	0.3602	1
0.0001	0.3954	0.3604	-0.0001	0.3952	0.3602	1
0.0001	0.1861	0.3604	-0.0001	0.1859	0.3602	1
0.0001	0.0234	0.3604	-0.0001	0.0232	0.3602	1
0.0001	0.0699	0.3604	-0.0001	0.0697	0.3602	1
0.3637	0.0466	0.3604	0.3635	0.0464	0.3602	1
0.0001	0.0001	0.361	-0.0001	-0.0001	0.3608	1
0.0001	0.0001	0.3604	-0.0001	-0.0001	0.3602	1
0.0001	0.0001	0.3604	-0.0001	-0.0001	0.3602	1
0.0001	0.0234	0.3429	-0.0001	0.0232	0.3427	1
0.0001	0.0234	0.3604	-0.0001	0.0232	0.3602	1
0.0001	0.0234	0.3604	-0.0001	0.0232	0.3602	1
0.0001	0.0001	0.3604	-0.0001	-0.0001	0.3602	1
0.0001	0.0001	0.3604	-0.0001	-0.0001	0.3602	1
0.0001	0.0001	0.361	-0.0001	-0.0001	0.3608	1
0.0001	0.0931	0.361	-0.0001	0.0929	0.3608	1
0.0001	0.2094	0.361	-0.0001	0.2092	0.3608	1
0.0001	0.0001	0.3604	-0.0001	-0.0001	0.3602	1
0.0001	0.0001	0.361	-0.0001	-0.0001	0.3608	1
0.0001	0.0001	0.361	-0.0001	-0.0001	0.3608	1
0.091	0.0234	0.3604	0.0908	0.0232	0.3602	1
0.0001	0.0001	0.3604	-0.0001	-0.0001	0.3602	1
0.0001	0.0001	0.3604	-0.0001	-0.0001	0.3602	1
0.0001	0.1861	0.3604	-0.0001	0.1859	0.3602	1
0.0001	0.0001	0.361	-0.0001	-0.0001	0.3608	1
0.091	0.3489	0.3604	0.0908	0.3487	0.3602	1
0.0001	0.0001	0.361	-0.0001	-0.0001	0.3608	1
0.0001	0.0234	0.3604	-0.0001	0.0232	0.3602	1
0.0001	0.0234	0.361	-0.0001	0.0232	0.3608	1
0.0001	0.0001	0.3604	-0.0001	-0.0001	0.3602	1
0.0001	0.0699	0.3604	-0.0001	0.0697	0.3602	1
0.0001	0.2792	0.5521	-0.0001	0.279	0.5519	1
0.0001	0.0001	0.3604	-0.0001	-0.0001	0.3602	1
0.0001	0.1396	0.3604	-0.0001	0.1394	0.3602	1
0.0001	0.0234	0.3604	-0.0001	0.0232	0.3602	1
0.0001	0.0001	0.361	-0.0001	-0.0001	0.3608	1
0.0001	0.0001	0.3604	-0.0001	-0.0001	0.3602	1
0.091	0.1164	0.0757	0.0908	0.1162	0.0755	1
0.0001	0.3024	0.361	-0.0001	0.3022	0.3608	1
0.0001	0.0001	0.3604	-0.0001	-0.0001	0.3602	1
0.0001	0.0001	0.3604	-0.0001	-0.0001	0.3602	1
0.0001	0.1396	0.3604	-0.0001	0.1394	0.3602	1
0.0001	0.7675	0.361	-0.0001	0.7673	0.3608	1
0.0001	0.0234	0.3792	-0.0001	0.0232	0.379	1
0.0001	0.1629	0.335	-0.0001	0.1627	0.3348	1
0.0001	0.0001	0.3604	-0.0001	-0.0001	0.3602	1
0.0001	0.0699	0.3604	-0.0001	0.0697	0.3602	1
0.0001	0.0001	0.3604	-0.0001	-0.0001	0.3602	1
0.0001	0.0001	0.3604	-0.0001	-0.0001	0.3602	1
0.0001	0.0466	0.361	-0.0001	0.0464	0.3608	1
0.0001	0.4652	0.361	-0.0001	0.465	0.3608	1
0.0001	0.0001	0.3592	-0.0001	-0.0001	0.359	1
0.0001	0.2559	0.3604	-0.0001	0.2557	0.3602	1
0.0001	0.0001	0.361	-0.0001	-0.0001	0.3608	1
0.0001	0.0001	0.3604	-0.0001	-0.0001	0.3602	1
0.0001	0.4187	0.361	-0.0001	0.4185	0.3608	1
0.0001	0.0466	0.3477	-0.0001	0.0464	0.3475	1
0.0001	0.2792	0.4034	-0.0001	0.279	0.4032	1
0.091	0.0699	0.3604	0.0908	0.0697	0.3602	1
0.0001	0.0699	0.361	-0.0001	0.0697	0.3608	1
0.0001	0.0234	0.352	-0.0001	0.0232	0.3518	1
0.0001	0.0931	0.3961	-0.0001	0.0929	0.3959	1
0.0001	0.1164	0.3604	-0.0001	0.1162	0.3602	1
0.0001	0.1396	0.3604	-0.0001	0.1394	0.3602	1
0.0001	0.0234	0.3604	-0.0001	0.0232	0.3602	1
0.0001	0.3954	0.361	-0.0001	0.3952	0.3608	1
0.0001	0.0931	0.3604	-0.0001	0.0929	0.3602	1
0.0001	0.0001	0.3604	-0.0001	-0.0001	0.3602	1
0.0001	0.0001	0.3604	-0.0001	-0.0001	0.3602	1
0.091	0.0001	0.3604	0.0908	-0.0001	0.3602	1
0.0001	0.0234	0.3604	-0.0001	0.0232	0.3602	1
0.0001	0.1861	0.3604	-0.0001	0.1859	0.3602	1
0.0001	0.0234	0.3604	-0.0001	0.0232	0.3602	1
0.0001	0.1164	0.3604	-0.0001	0.1162	0.3602	1
0.0001	0.0234	0.3919	-0.0001	0.0232	0.3917	1
0.0001	0.0001	0.361	-0.0001	-0.0001	0.3608	1
0.0001	0.0699	0.2976	-0.0001	0.0697	0.2974	1
0.0001	0.0234	0.3604	-0.0001	0.0232	0.3602	1
0.0001	0.0001	0.3604	-0.0001	-0.0001	0.3602	1
0.0001	0.1861	0.3604	-0.0001	0.1859	0.3602	1
0.0001	0.0001	0.3604	-0.0001	-0.0001	0.3602	1
0.0001	0.0466	0.3604	-0.0001	0.0464	0.3602	1
0.0001	0.0001	0.3604	-0.0001	-0.0001	0.3602	1
0.0001	0.0001	0.3604	-0.0001	-0.0001	0.3602	1
0.0001	0.0001	0.3604	-0.0001	-0.0001	0.3602	1
0.0001	0.0931	0.361	-0.0001	0.0929	0.3608	1
0.0001	0.0001	0.3604	-0.0001	-0.0001	0.3602	1
0.0001	0.0699	0.0932	-0.0001	0.0697	0.093	1
0.1819	0.0931	0.3604	0.1817	0.0929	0.3602	1
0.0001	0.0234	0.2468	-0.0001	0.0232	0.2466	1
0.0001	0.0234	0.361	-0.0001	0.0232	0.3608	1
0.0001	0.4652	0.3604	-0.0001	0.465	0.3602	1
0.091	0.442	0.3604	0.0908	0.4418	0.3602	1
0.0001	0.0001	0.3604	-0.0001	-0.0001	0.3602	1
0.0001	0.0001	0.361	-0.0001	-0.0001	0.3608	1
0.0001	0.0931	0.3604	-0.0001	0.0929	0.3602	1
0.0001	0.0001	0.3604	-0.0001	-0.0001	0.3602	1
0.0001	0.0001	0.361	-0.0001	-0.0001	0.3608	1
0.0001	0.0466	0.3604	-0.0001	0.0464	0.3602	1
0.0001	0.1164	0.3604	-0.0001	0.1162	0.3602	1
0.0001	0.0699	0.7939	-0.0001	0.0697	0.7937	1
0.0001	0.0234	0.3604	-0.0001	0.0232	0.3602	1
0.0001	0.0001	0.3604	-0.0001	-0.0001	0.3602	1
0.0001	0.0931	0.358	-0.0001	0.0929	0.3578	1
0.0001	0.0699	0.3604	-0.0001	0.0697	0.3602	1
0.0001	0.0699	0.3604	-0.0001	0.0697	0.3602	1
0.0001	0.0001	0.3604	-0.0001	-0.0001	0.3602	1
0.0001	0.0466	0.3604	-0.0001	0.0464	0.3602	1
0.0001	0.0001	0.3604	-0.0001	-0.0001	0.3602	1
0.0001	0.0001	0.3604	-0.0001	-0.0001	0.3602	1
0.0001	0.0001	0.3604	-0.0001	-0.0001	0.3602	1
0.0001	0.0931	0.3604	-0.0001	0.0929	0.3602	1
0.0001	0.1861	0.3786	-0.0001	0.1859	0.3784	1
0.0001	0.0001	0.3598	-0.0001	-0.0001	0.3596	1
0.0001	0.0466	0.3604	-0.0001	0.0464	0.3602	1
0.0001	0.0001	0.3574	-0.0001	-0.0001	0.3572	1
0.0001	0.0234	0.3719	-0.0001	0.0232	0.3717	1
0.091	0.0001	0.3604	0.0908	-0.0001	0.3602	1
0.0001	0.0001	0.3604	-0.0001	-0.0001	0.3602	1
0.1819	0.3257	0.3604	0.1817	0.3255	0.3602	1
0.0001	0.0466	0.3574	-0.0001	0.0464	0.3572	1
0.0001	0.0001	0.3604	-0.0001	-0.0001	0.3602	1
0.0001	0.2559	0.361	-0.0001	0.2557	0.3608	1
0.0001	0.0466	0.3604	-0.0001	0.0464	0.3602	1
0.1819	0.2559	0.361	0.1817	0.2557	0.3608	1
0.0001	0.0001	0.361	-0.0001	-0.0001	0.3608	1
0.0001	0.0466	0.4282	-0.0001	0.0464	0.428	1
0.0001	0.1164	0.349	-0.0001	0.1162	0.3488	1
0.0001	0.0001	0.3604	-0.0001	-0.0001	0.3602	1
0.0001	0.0001	0.3604	-0.0001	-0.0001	0.3602	1
0.0001	0.1396	0.3604	-0.0001	0.1394	0.3602	1
0.0001	0.0001	0.3604	-0.0001	-0.0001	0.3602	1
0.0001	0.1396	0.361	-0.0001	0.1394	0.3608	1
0.1819	0.1396	0.3604	0.1817	0.1394	0.3602	1
0.0001	0.1396	0.3604	-0.0001	0.1394	0.3602	1
0.0001	0.0466	0.3604	-0.0001	0.0464	0.3602	1
0.0001	0.0001	0.3604	-0.0001	-0.0001	0.3602	1
0.0001	0.0001	0.3604	-0.0001	-0.0001	0.3602	1
0.2728	0.4187	0.3604	0.2726	0.4185	0.3602	1
0.0001	0.535	0.3604	-0.0001	0.5348	0.3602	1
0.0001	0.0001	0.3604	-0.0001	-0.0001	0.3602	1
0.0001	0.0001	0.3604	-0.0001	-0.0001	0.3602	1
0.0001	0.0234	0.3604	-0.0001	0.0232	0.3602	1
0.0001	0.0001	0.3604	-0.0001	-0.0001	0.3602	1
0.0001	0.0699	0.2957	-0.0001	0.0697	0.2955	1
0.0001	0.0001	0.3604	-0.0001	-0.0001	0.3602	1
0.0001	0.0699	0.3604	-0.0001	0.0697	0.3602	1
0.0001	0.0466	0.3604	-0.0001	0.0464	0.3602	1
0.0001	0.0001	0.3604	-0.0001	-0.0001	0.3602	1
0.091	0.0699	0.3604	0.0908	0.0697	0.3602	1
0.0001	0.0234	0.3604	-0.0001	0.0232	0.3602	1
0.0001	0.0234	0.3689	-0.0001	0.0232	0.3687	1
0.0001	0.0001	0.361	-0.0001	-0.0001	0.3608	1
0.0001	0.0001	0.3604	-0.0001	-0.0001	0.3602	1
0.0001	0.2792	0.3242	-0.0001	0.279	0.324	1
0.0001	0.0001	0.3604	-0.0001	-0.0001	0.3602	1
0.0001	0.0466	0.3604	-0.0001	0.0464	0.3602	1
0.0001	0.2327	0.361	-0.0001	0.2325	0.3608	1
0.0001	0.1629	0.3604	-0.0001	0.1627	0.3602	1
0.0001	0.0699	0.3604	-0.0001	0.0697	0.3602	1
0.0001	0.0001	0.3604	-0.0001	-0.0001	0.3602	1
0.0001	0.1164	0.3604	-0.0001	0.1162	0.3602	1
0.0001	0.0001	0.3604	-0.0001	-0.0001	0.3602	1
0.0001	0.0699	0.361	-0.0001	0.0697	0.3608	1
0.0001	0.0001	0.3604	-0.0001	-0.0001	0.3602	1
0.0001	0.0931	0.361	-0.0001	0.0929	0.3608	1
0.0001	0.0001	0.3604	-0.0001	-0.0001	0.3602	1
0.0001	0.0466	0.3604	-0.0001	0.0464	0.3602	1
0.0001	0.0001	0.3604	-0.0001	-0.0001	0.3602	1
0.0001	0.1164	0.3604	-0.0001	0.1162	0.3602	1
0.0001	0.0234	0.3604	-0.0001	0.0232	0.3602	1
0.0001	0.0001	0.3604	-0.0001	-0.0001	0.3602	1
0.091	0.0699	0.361	0.0908	0.0697	0.3608	1
0.0001	0.1629	0.3604	-0.0001	0.1627	0.3602	1
0.0001	0.0466	0.3604	-0.0001	0.0464	0.3602	1
0.0001	0.0234	0.3604	-0.0001	0.0232	0.3602	1
0.0001	0.0001	0.3604	-0.0001	-0.0001	0.3602	1
0.0001	0.0466	0.3199	-0.0001	0.0464	0.3197	1
0.0001	0.0001	0.3604	-0.0001	-0.0001	0.3602	1
0.0001	0.0466	0.3604	-0.0001	0.0464	0.3602	1
0.0001	0.0001	0.3604	-0.0001	-0.0001	0.3602	1
0.1819	0.3489	0.3604	0.1817	0.3487	0.3602	1
0.091	0.0234	0.3629	0.0908	0.0232	0.3627	1
0.0001	0.0001	0.361	-0.0001	-0.0001	0.3608	1
0.0001	0.0001	0.3604	-0.0001	-0.0001	0.3602	1
0.0001	0.0001	0.3604	-0.0001	-0.0001	0.3602	1
0.0001	0.0234	0.3604	-0.0001	0.0232	0.3602	1
0.0001	0.442	0.3604	-0.0001	0.4418	0.3602	1
0.0001	0.2094	0.3604	-0.0001	0.2092	0.3602	1
0.0001	0.0001	0.361	-0.0001	-0.0001	0.3608	1
0.0001	0.0001	0.361	-0.0001	-0.0001	0.3608	1
0.0001	0.2094	0.361	-0.0001	0.2092	0.3608	1
0.0001	0.2327	0.3604	-0.0001	0.2325	0.3602	1
0.0001	0.0234	0.3604	-0.0001	0.0232	0.3602	1
0.0001	0.0001	0.3604	-0.0001	-0.0001	0.3602	1
0.0001	0.0234	0.361	-0.0001	0.0232	0.3608	1
0.0001	0.3954	0.3217	-0.0001	0.3952	0.3215	1
0.0001	0.2094	0.3604	-0.0001	0.2092	0.3602	1
0.0001	0.0699	0.3532	-0.0001	0.0697	0.353	1
0.0001	0.0001	0.0473	-0.0001	-0.0001	0.0471	1
0.0001	0.1396	0.3604	-0.0001	0.1394	0.3602	1
0.0001	0.0001	0.3604	-0.0001	-0.0001	0.3602	1
0.0001	0.0001	0.3604	-0.0001	-0.0001	0.3602	1
0.0001	0.0234	0.361	-0.0001	0.0232	0.3608	1
0.0001	0.0234	0.3604	-0.0001	0.0232	0.3602	1
0.0001	0.0001	0.361	-0.0001	-0.0001	0.3608	1
0.0001	0.0001	0.361	-0.0001	-0.0001	0.3608	1
0.0001	0.1396	0.3604	-0.0001	0.1394	0.3602	1
0.0001	0.0699	0.3604	-0.0001	0.0697	0.3602	1
0.0001	0.1164	0.3604	-0.0001	0.1162	0.3602	1
0.0001	0.0466	0.3604	-0.0001	0.0464	0.3602	1
0.0001	0.0931	0.3211	-0.0001	0.0929	0.3209	1
0.0001	0.0234	0.3604	-0.0001	0.0232	0.3602	1
0.0001	0.0001	0.3604	-0.0001	-0.0001	0.3602	1
0.0001	0.0001	0.3604	-0.0001	-0.0001	0.3602	1
0.0001	0.1629	0.3604	-0.0001	0.1627	0.3602	1
0.0001	0.1861	0.3604	-0.0001	0.1859	0.3602	1
0.0001	0.2094	0.3604	-0.0001	0.2092	0.3602	1
0.0001	0.0466	0.361	-0.0001	0.0464	0.3608	1
0.0001	0.3954	0.361	-0.0001	0.3952	0.3608	1
0.0001	0.0466	0.3604	-0.0001	0.0464	0.3602	1
0.0001	0.0234	0.361	-0.0001	0.0232	0.3608	1
0.0001	0.0001	0.3604	-0.0001	-0.0001	0.3602	1
0.0001	0.2559	0.3604	-0.0001	0.2557	0.3602	1
0.0001	0.2559	0.3604	-0.0001	0.2557	0.3602	1
0.0001	0.0001	0.3604	-0.0001	-0.0001	0.3602	1
0.0001	0.0466	0.3604	-0.0001	0.0464	0.3602	1
0.0001	0.3722	0.3604	-0.0001	0.372	0.3602	1
0.0001	0.3257	0.3604	-0.0001	0.3255	0.3602	1
0.0001	0.1861	0.3604	-0.0001	0.1859	0.3602	1
0.0001	0.1861	0.361	-0.0001	0.1859	0.3608	1
0.0001	0.0001	0.361	-0.0001	-0.0001	0.3608	1
0.0001	0.2559	0.3604	-0.0001	0.2557	0.3602	1
0.0001	0.0001	0.3604	-0.0001	-0.0001	0.3602	1
0.0001	0.0234	0.3604	-0.0001	0.0232	0.3602	1
0.0001	0.3489	0.3604	-0.0001	0.3487	0.3602	1
0.0001	0.1629	0.3604	-0.0001	0.1627	0.3602	1
0.091	0.0931	0.3604	0.0908	0.0929	0.3602	1
0.0001	0.0234	0.3604	-0.0001	0.0232	0.3602	1
0.0001	0.3954	0.3604	-0.0001	0.3952	0.3602	1
0.0001	0.0466	0.3314	-0.0001	0.0464	0.3312	1
0.0001	0.1629	0.3604	-0.0001	0.1627	0.3602	1
0.0001	0.0931	0.361	-0.0001	0.0929	0.3608	1
0.0001	0.1629	0.361	-0.0001	0.1627	0.3608	1
0.0001	0.0001	0.3604	-0.0001	-0.0001	0.3602	1
0.0001	0.2792	0.3604	-0.0001	0.279	0.3602	1
0.0001	0.0001	0.3604	-0.0001	-0.0001	0.3602	1
0.0001	0.0699	0.3604	-0.0001	0.0697	0.3602	1
0.0001	0.0001	0.3604	-0.0001	-0.0001	0.3602	1
0.0001	0.0699	0.361	-0.0001	0.0697	0.3608	1
0.0001	0.1164	0.112	-0.0001	0.1162	0.1118	1
0.0001	0.0234	0.3314	-0.0001	0.0232	0.3312	1
0.0001	0.0699	0.3604	-0.0001	0.0697	0.3602	1
0.0001	0.0466	0.3604	-0.0001	0.0464	0.3602	1
0.0001	0.0234	0.352	-0.0001	0.0232	0.3518	1
0.0001	0.1629	0.3604	-0.0001	0.1627	0.3602	1
0.0001	0.1396	0.3604	-0.0001	0.1394	0.3602	1
0.0001	0.2559	0.361	-0.0001	0.2557	0.3608	1
0.0001	0.0001	0.3604	-0.0001	-0.0001	0.3602	1
0.0001	0.0234	0.5007	-0.0001	0.0232	0.5005	1
0.0001	0.0001	0.3604	-0.0001	-0.0001	0.3602	1
0.0001	0.1861	0.361	-0.0001	0.1859	0.3608	1
0.0001	0.0001	0.3604	-0.0001	-0.0001	0.3602	1
0.0001	0.1164	0.3604	-0.0001	0.1162	0.3602	1
0.0001	0.0001	0.3604	-0.0001	-0.0001	0.3602	1
0.0001	0.0001	0.361	-0.0001	-0.0001	0.3608	1
0.0001	0.0699	0.3604	-0.0001	0.0697	0.3602	1
0.0001	0.0001	0.3604	-0.0001	-0.0001	0.3602	1
0.0001	0.0466	0.3405	-0.0001	0.0464	0.3403	1
0.0001	0.0234	0.3604	-0.0001	0.0232	0.3602	1
0.0001	0.0466	0.3604	-0.0001	0.0464	0.3602	1
0.0001	0.0001	0.3604	-0.0001	-0.0001	0.3602	1
0.0001	0.0001	0.3604	-0.0001	-0.0001	0.3602	1
0.0001	0.0699	0.3604	-0.0001	0.0697	0.3602	1
0.0001	0.0001	0.3604	-0.0001	-0.0001	0.3602	1
0.0001	0.2792	0.3604	-0.0001	0.279	0.3602	1
0.0001	0.1164	0.3604	-0.0001	0.1162	0.3602	1
0.0001	0.0001	0.3604	-0.0001	-0.0001	0.3602	1
0.0001	0.1164	0.3604	-0.0001	0.1162	0.3602	1
0.0001	0.0466	0.3604	-0.0001	0.0464	0.3602	1
0.0001	0.0001	0.361	-0.0001	-0.0001	0.3608	1
0.0001	0.0466	0.3604	-0.0001	0.0464	0.3602	1
0.0001	0.0699	0.361	-0.0001	0.0697	0.3608	1
0.0001	0.0001	0.3604	-0.0001	-0.0001	0.3602	1
0.0001	0.0001	0.3604	-0.0001	-0.0001	0.3602	1
0.091	0.0234	0.1107	0.0908	0.0232	0.1105	1
0.0001	0.0234	0.3604	-0.0001	0.0232	0.3602	1
0.0001	0.0234	0.3604	-0.0001	0.0232	0.3602	1
0.0001	0.0466	0.3604	-0.0001	0.0464	0.3602	1
0.0001	0.0001	0.3604	-0.0001	-0.0001	0.3602	1
0.0001	0.5582	0.3604	-0.0001	0.558	0.3602	1
0.0001	0.0234	0.3604	-0.0001	0.0232	0.3602	1
0.0001	0.0699	0.3604	-0.0001	0.0697	0.3602	1
0.0001	0.2094	0.3604	-0.0001	0.2092	0.3602	1
0.0001	0.1396	0.3604	-0.0001	0.1394	0.3602	1
0.0001	0.0001	0.3604	-0.0001	-0.0001	0.3602	1
0.0001	0.0001	0.3604	-0.0001	-0.0001	0.3602	1
0.0001	0.0001	0.3598	-0.0001	-0.0001	0.3596	1
0.0001	0.0234	0.3604	-0.0001	0.0232	0.3602	1
0.0001	0.0234	0.2286	-0.0001	0.0232	0.2284	1
0.0001	0.0699	0.3604	-0.0001	0.0697	0.3602	1
0.0001	0.0466	0.3604	-0.0001	0.0464	0.3602	1
0.0001	0.1629	0.3604	-0.0001	0.1627	0.3602	1
0.0001	0.0234	0.3562	-0.0001	0.0232	0.356	1
0.0001	0.0234	0.3532	-0.0001	0.0232	0.353	1
0.0001	0.0001	0.3604	-0.0001	-0.0001	0.3602	1
0.0001	0.0001	0.361	-0.0001	-0.0001	0.3608	1
0.0001	0.0234	0.3604	-0.0001	0.0232	0.3602	1
0.0001	0.0234	0.3604	-0.0001	0.0232	0.3602	1
0.1819	0.2559	0.4372	0.1817	0.2557	0.437	1
0.0001	0.0001	0.3604	-0.0001	-0.0001	0.3602	1
0.0001	0.2327	0.3604	-0.0001	0.2325	0.3602	1
0.0001	0.1164	0.3604	-0.0001	0.1162	0.3602	1
0.0001	0.0234	0.3538	-0.0001	0.0232	0.3536	1
0.0001	0.1164	0.3604	-0.0001	0.1162	0.3602	1
0.0001	0.0001	0.361	-0.0001	-0.0001	0.3608	1
0.0001	0.0699	0.3604	-0.0001	0.0697	0.3602	1
0.0001	0.0466	0.361	-0.0001	0.0464	0.3608	1
0.0001	0.0234	0.3483	-0.0001	0.0232	0.3481	1
0.0001	0.0001	0.3604	-0.0001	-0.0001	0.3602	1
0.0001	0.0001	0.3604	-0.0001	-0.0001	0.3602	1
0.0001	0.2327	0.3604	-0.0001	0.2325	0.3602	1
0.0001	0.0001	0.361	-0.0001	-0.0001	0.3608	1
0.0001	0.0234	0.3344	-0.0001	0.0232	0.3342	1
0.0001	0.1164	0.361	-0.0001	0.1162	0.3608	1
0.0001	0.2094	0.4705	-0.0001	0.2092	0.4703	1
0.0001	0.0466	0.3604	-0.0001	0.0464	0.3602	1
0.0001	0.1164	0.3604	-0.0001	0.1162	0.3602	1
0.0001	0.0466	0.3097	-0.0001	0.0464	0.3095	1
0.0001	0.2094	0.361	-0.0001	0.2092	0.3608	1
0.0001	0.0234	0.3592	-0.0001	0.0232	0.359	1
0.0001	0.0931	0.3248	-0.0001	0.0929	0.3246	1
0.0001	0.0931	0.3604	-0.0001	0.0929	0.3602	1
0.0001	0.0234	0.3604	-0.0001	0.0232	0.3602	1
0.0001	0.0234	0.3604	-0.0001	0.0232	0.3602	1
0.0001	0.4885	0.3526	-0.0001	0.4883	0.3524	1
0.0001	0.0931	0.7534	-0.0001	0.0929	0.7532	1
0.0001	0.0699	0.3604	-0.0001	0.0697	0.3602	1
0.0001	0.0234	0.3604	-0.0001	0.0232	0.3602	1
0.0001	0.0001	0.3604	-0.0001	-0.0001	0.3602	1
0.0001	0.0001	0.361	-0.0001	-0.0001	0.3608	1
0.0001	0.442	0.3786	-0.0001	0.4418	0.3784	1
0.0001	0.0001	0.361	-0.0001	-0.0001	0.3608	1
0.0001	0.0001	0.3604	-0.0001	-0.0001	0.3602	1
0.0001	0.2327	0.3604	-0.0001	0.2325	0.3602	1
0.0001	0.0001	0.3604	-0.0001	-0.0001	0.3602	1
0.0001	0.0466	0.3604	-0.0001	0.0464	0.3602	1
0.0001	0.0699	0.5013	-0.0001	0.0697	0.5011	1
0.0001	0.0234	0.3604	-0.0001	0.0232	0.3602	1
0.0001	0.0234	0.361	-0.0001	0.0232	0.3608	1
0.0001	0.0699	0.361	-0.0001	0.0697	0.3608	1
0.0001	0.0001	0.3604	-0.0001	-0.0001	0.3602	1
0.0001	0.0466	0.2685	-0.0001	0.0464	0.2683	1
0.0001	0.0234	0.3604	-0.0001	0.0232	0.3602	1
0.0001	0.0234	0.3066	-0.0001	0.0232	0.3064	1
0.0001	0.3024	0.3604	-0.0001	0.3022	0.3602	1
0.0001	0.0001	0.3592	-0.0001	-0.0001	0.359	1
0.0001	0.0001	0.3604	-0.0001	-0.0001	0.3602	1
0.0001	0.2327	0.349	-0.0001	0.2325	0.3488	1
0.0001	0.0001	0.3604	-0.0001	-0.0001	0.3602	1
0.091	0.0001	0.361	0.0908	-0.0001	0.3608	1
0.0001	0.0466	0.3604	-0.0001	0.0464	0.3602	1
0.0001	0.0234	0.3604	-0.0001	0.0232	0.3602	1
0.0001	0.0699	0.3604	-0.0001	0.0697	0.3602	1
0.0001	0.0001	0.3604	-0.0001	-0.0001	0.3602	1
0.0001	0.0001	0.3598	-0.0001	-0.0001	0.3596	1
0.0001	0.0001	0.361	-0.0001	-0.0001	0.3608	1
0.0001	0.3954	0.4215	-0.0001	0.3952	0.4213	1
0.0001	0.0931	0.3604	-0.0001	0.0929	0.3602	1
0.0001	0.4187	0.3604	-0.0001	0.4185	0.3602	1
0.0001	0.1861	0.3604	-0.0001	0.1859	0.3602	1
0.0001	0.0931	0.3604	-0.0001	0.0929	0.3602	1
0.0001	0.0931	0.361	-0.0001	0.0929	0.3608	1
0.0001	0.0234	0.3604	-0.0001	0.0232	0.3602	1
0.0001	0.5117	0.3604	-0.0001	0.5115	0.3602	1
0.0001	0.0001	0.361	-0.0001	-0.0001	0.3608	1
0.0001	0.2327	0.3604	-0.0001	0.2325	0.3602	1
0.0001	0.0699	0.3604	-0.0001	0.0697	0.3602	1
0.0001	0.0234	0.3604	-0.0001	0.0232	0.3602	1
0.0001	0.0931	0.361	-0.0001	0.0929	0.3608	1
0.0001	0.0234	0.3604	-0.0001	0.0232	0.3602	1
0.0001	0.0466	0.3604	-0.0001	0.0464	0.3602	1
0.0001	0.0001	0.3604	-0.0001	-0.0001	0.3602	1
0.0001	0.1629	0.3604	-0.0001	0.1627	0.3602	1
0.0001	0.0931	0.3604	-0.0001	0.0929	0.3602	1
0.0001	0.0931	0.329	-0.0001	0.0929	0.3288	1
0.0001	0.1164	0.3604	-0.0001	0.1162	0.3602	1
0.0001	0.0001	0.3604	-0.0001	-0.0001	0.3602	1
0.0001	0.0001	0.3604	-0.0001	-0.0001	0.3602	1
0.0001	0.0234	0.361	-0.0001	0.0232	0.3608	1
0.0001	0.0234	0.3604	-0.0001	0.0232	0.3602	1
0.0001	0.0234	0.3604	-0.0001	0.0232	0.3602	1
0.0001	0.0001	0.361	-0.0001	-0.0001	0.3608	1
0.0001	0.0001	0.361	-0.0001	-0.0001	0.3608	1
0.091	0.0001	0.3604	0.0908	-0.0001	0.3602	1
0.0001	0.0466	0.3604	-0.0001	0.0464	0.3602	1
0.0001	0.0466	0.5346	-0.0001	0.0464	0.5344	1
0.0001	0.0466	0.355	-0.0001	0.0464	0.3548	1
0.0001	0.0234	0.358	-0.0001	0.0232	0.3578	1
0.0001	0.4187	0.361	-0.0001	0.4185	0.3608	1
0.0001	0.0931	0.3604	-0.0001	0.0929	0.3602	1
0.0001	0.0001	0.3604	-0.0001	-0.0001	0.3602	1
0.0001	0.1396	0.3604	-0.0001	0.1394	0.3602	1
0.0001	0.0001	0.3604	-0.0001	-0.0001	0.3602	1
0.0001	0.5117	0.3604	-0.0001	0.5115	0.3602	1
0.0001	0.0001	0.3604	-0.0001	-0.0001	0.3602	1
0.0001	0.0001	0.3604	-0.0001	-0.0001	0.3602	1
0.0001	0.535	0.361	-0.0001	0.5348	0.3608	1
0.0001	0.0001	0.361	-0.0001	-0.0001	0.3608	1
0.0001	0.1861	0.3604	-0.0001	0.1859	0.3602	1
0.0001	0.0001	0.3604	-0.0001	-0.0001	0.3602	1
0.0001	0.0234	0.361	-0.0001	0.0232	0.3608	1
0.091	0.3257	0.3604	0.0908	0.3255	0.3602	1
0.0001	0.0234	0.3411	-0.0001	0.0232	0.3409	1
0.091	0.0466	0.3604	0.0908	0.0464	0.3602	1
0.0001	0.0001	0.3598	-0.0001	-0.0001	0.3596	1
0.0001	0.0234	0.3604	-0.0001	0.0232	0.3602	1
0.091	0.0466	0.3338	0.0908	0.0464	0.3336	1
0.0001	0.7675	0.3604	-0.0001	0.7673	0.3602	1
0.0001	0.0466	0.3604	-0.0001	0.0464	0.3602	1
0.0001	0.0234	0.4372	-0.0001	0.0232	0.437	1
0.0001	0.0234	0.2631	-0.0001	0.0232	0.2629	1
0.0001	0.0001	0.361	-0.0001	-0.0001	0.3608	1
0.0001	0.0001	0.3604	-0.0001	-0.0001	0.3602	1
0.0001	0.3722	0.361	-0.0001	0.372	0.3608	1
0.0001	0.0234	0.3604	-0.0001	0.0232	0.3602	1
0.0001	0.0234	0.3604	-0.0001	0.0232	0.3602	1
0.0001	0.1629	0.3604	-0.0001	0.1627	0.3602	1
0.0001	0.0466	0.3435	-0.0001	0.0464	0.3433	1
0.0001	0.0001	0.3604	-0.0001	-0.0001	0.3602	1
0.091	0.0699	0.3604	0.0908	0.0697	0.3602	1
0.0001	0.0001	0.3604	-0.0001	-0.0001	0.3602	1
0.0001	0.2094	0.3604	-0.0001	0.2092	0.3602	1
0.0001	0.0001	0.3604	-0.0001	-0.0001	0.3602	1
0.0001	0.2792	0.361	-0.0001	0.279	0.3608	1
0.0001	0.1164	0.3604	-0.0001	0.1162	0.3602	1
0.0001	0.0699	0.361	-0.0001	0.0697	0.3608	1
0.0001	0.0699	0.3604	-0.0001	0.0697	0.3602	1
0.0001	0.0699	0.3604	-0.0001	0.0697	0.3602	1
0.0001	0.3024	0.3604	-0.0001	0.3022	0.3602	1
0.0001	0.0699	0.3604	-0.0001	0.0697	0.3602	1
0.0001	0.0001	0.3598	-0.0001	-0.0001	0.3596	1
0.0001	0.0234	0.3604	-0.0001	0.0232	0.3602	1
0.0001	0.3257	0.3254	-0.0001	0.3255	0.3252	1
0.0001	0.0234	0.3604	-0.0001	0.0232	0.3602	1
0.0001	0.0699	0.3604	-0.0001	0.0697	0.3602	1
0.0001	0.0234	0.361	-0.0001	0.0232	0.3608	1
0.0001	0.2792	0.3604	-0.0001	0.279	0.3602	1
0.0001	0.0234	0.332	-0.0001	0.0232	0.3318	1
0.091	0.1164	0.3604	0.0908	0.1162	0.3602	1
0.0001	0.0466	0.3604	-0.0001	0.0464	0.3602	1
0.0001	0.2792	0.3604	-0.0001	0.279	0.3602	1
0.1819	0.0699	0.361	0.1817	0.0697	0.3608	1
0.0001	0.0466	0.3604	-0.0001	0.0464	0.3602	1
0.0001	0.1396	0.3604	-0.0001	0.1394	0.3602	1
0.0001	0.0234	0.3604	-0.0001	0.0232	0.3602	1
0.0001	0.0234	0.3604	-0.0001	0.0232	0.3602	1
0.0001	0.0931	0.3556	-0.0001	0.0929	0.3554	1
0.0001	0.0466	0.3604	-0.0001	0.0464	0.3602	1
0.0001	0.2094	0.3604	-0.0001	0.2092	0.3602	1
0.0001	0.0931	0.3447	-0.0001	0.0929	0.3445	1
0.0001	0.0466	0.361	-0.0001	0.0464	0.3608	1
0.0001	0.0234	0.361	-0.0001	0.0232	0.3608	1
0.0001	0.0001	0.361	-0.0001	-0.0001	0.3608	1
0.0001	0.0931	0.3604	-0.0001	0.0929	0.3602	1
0.0001	0.0466	0.3604	-0.0001	0.0464	0.3602	1
0.0001	0.0001	0.3604	-0.0001	-0.0001	0.3602	1
0.0001	0.0001	0.3604	-0.0001	-0.0001	0.3602	1
0.0001	0.0001	0.3604	-0.0001	-0.0001	0.3602	1
0.0001	0.0699	0.3604	-0.0001	0.0697	0.3602	1
0.0001	0.1861	0.3604	-0.0001	0.1859	0.3602	1
0.0001	0.1396	0.3604	-0.0001	0.1394	0.3602	1
0.0001	0.0234	0.361	-0.0001	0.0232	0.3608	1
0.0001	0.1629	0.3604	-0.0001	0.1627	0.3602	1
0.0001	0.0466	0.3604	-0.0001	0.0464	0.3602	1
0.0001	0.0466	0.355	-0.0001	0.0464	0.3548	1
0.0001	0.0699	0.3604	-0.0001	0.0697	0.3602	1
0.0001	0.1861	0.361	-0.0001	0.1859	0.3608	1
0.0001	0.0466	0.361	-0.0001	0.0464	0.3608	1
0.0001	0.4885	0.3604	-0.0001	0.4883	0.3602	1
0.0001	0.1629	0.3604	-0.0001	0.1627	0.3602	1
0.0001	0.0001	0.361	-0.0001	-0.0001	0.3608	1
0.0001	0.0001	0.3604	-0.0001	-0.0001	0.3602	1
0.0001	0.1164	0.3604	-0.0001	0.1162	0.3602	1
0.0001	0.0466	0.361	-0.0001	0.0464	0.3608	1
0.0001	0.1164	0.3604	-0.0001	0.1162	0.3602	1
0.0001	0.0001	0.3604	-0.0001	-0.0001	0.3602	1
0.0001	0.0699	0.3604	-0.0001	0.0697	0.3602	1
0.0001	0.0931	0.3604	-0.0001	0.0929	0.3602	1
0.0001	0.0001	0.361	-0.0001	-0.0001	0.3608	1
0.0001	0.0234	0.3598	-0.0001	0.0232	0.3596	1
0.0001	0.0466	0.3604	-0.0001	0.0464	0.3602	1
0.0001	0.0001	0.3604	-0.0001	-0.0001	0.3602	1
0.0001	0.0234	0.361	-0.0001	0.0232	0.3608	1
0.0001	0.0466	0.3604	-0.0001	0.0464	0.3602	1
0.0001	0.0466	0.3604	-0.0001	0.0464	0.3602	1
0.0001	0.0234	0.3604	-0.0001	0.0232	0.3602	1
0.0001	0.0699	0.3604	-0.0001	0.0697	0.3602	1
0.0001	0.3024	0.3532	-0.0001	0.3022	0.353	1
0.0001	0.0001	0.3604	-0.0001	-0.0001	0.3602	1
0.091	0.0699	0.3604	0.0908	0.0697	0.3602	1
0.0001	0.0699	0.3604	-0.0001	0.0697	0.3602	1
0.0001	0.3722	0.1543	-0.0001	0.372	0.1541	1
0.0001	0.0001	0.361	-0.0001	-0.0001	0.3608	1
0.0001	0.0001	0.3604	-0.0001	-0.0001	0.3602	1
0.0001	0.0699	0.3604	-0.0001	0.0697	0.3602	1
0.0001	0.2094	0.3604	-0.0001	0.2092	0.3602	1
0.0001	0.0001	0.361	-0.0001	-0.0001	0.3608	1
0.0001	0.0466	0.6138	-0.0001	0.0464	0.6136	1
0.0001	0.1629	0.3604	-0.0001	0.1627	0.3602	1
0.0001	0.0234	0.3604	-0.0001	0.0232	0.3602	1
0.0001	0.0001	0.3604	-0.0001	-0.0001	0.3602	1
0.0001	0.0234	0.3604	-0.0001	0.0232	0.3602	1
0.0001	0.0001	0.3604	-0.0001	-0.0001	0.3602	1
0.0001	0.0234	0.3604	-0.0001	0.0232	0.3602	1
0.0001	0.0001	0.361	-0.0001	-0.0001	0.3608	1
0.0001	0.2792	0.3163	-0.0001	0.279	0.3161	1
0.0001	0.0001	0.361	-0.0001	-0.0001	0.3608	1
0.0001	0.1629	0.361	-0.0001	0.1627	0.3608	1
0.0001	0.2094	0.3604	-0.0001	0.2092	0.3602	1
0.0001	0.0234	0.3604	-0.0001	0.0232	0.3602	1
0.0001	0.0001	0.3604	-0.0001	-0.0001	0.3602	1
0.0001	0.0001	0.3604	-0.0001	-0.0001	0.3602	1
0.0001	0.0931	0.3465	-0.0001	0.0929	0.3463	1
0.0001	0.0001	0.3604	-0.0001	-0.0001	0.3602	1
0.0001	0.2792	0.3193	-0.0001	0.279	0.3191	1
0.0001	0.0466	0.3604	-0.0001	0.0464	0.3602	1
0.0001	0.2559	0.3604	-0.0001	0.2557	0.3602	1
0.0001	0.3954	0.361	-0.0001	0.3952	0.3608	1
0.0001	0.1861	0.3471	-0.0001	0.1859	0.3469	1
0.091	0.2094	0.3604	0.0908	0.2092	0.3602	1
0.0001	0.0001	0.3604	-0.0001	-0.0001	0.3602	1
0.0001	0.1164	0.3604	-0.0001	0.1162	0.3602	1
0.0001	0.0001	0.361	-0.0001	-0.0001	0.3608	1
0.0001	0.0234	0.3604	-0.0001	0.0232	0.3602	1
0.0001	0.0234	0.3604	-0.0001	0.0232	0.3602	1
0.0001	0.6048	0.3417	-0.0001	0.6046	0.3415	1
0.0001	0.0001	0.3604	-0.0001	-0.0001	0.3602	1
0.0001	0.0234	0.3604	-0.0001	0.0232	0.3602	1
0.0001	0.0234	0.3592	-0.0001	0.0232	0.359	1
0.2728	0.2792	0.3604	0.2726	0.279	0.3602	1
0.0001	0.0234	0.361	-0.0001	0.0232	0.3608	1
0.0001	0.0234	0.332	-0.0001	0.0232	0.3318	1
0.0001	0.0001	0.361	-0.0001	-0.0001	0.3608	1
0.0001	0.0466	0.3604	-0.0001	0.0464	0.3602	1
0.0001	0.0001	0.3604	-0.0001	-0.0001	0.3602	1
0.091	0.0001	0.3604	0.0908	-0.0001	0.3602	1
0.0001	0.1164	0.361	-0.0001	0.1162	0.3608	1
0.0001	0.1164	0.3604	-0.0001	0.1162	0.3602	1
0.0001	0.0234	0.3604	-0.0001	0.0232	0.3602	1
0.0001	0.0466	0.4372	-0.0001	0.0464	0.437	1
0.0001	0.2094	0.3604	-0.0001	0.2092	0.3602	1
0.0001	0.0001	0.3604	-0.0001	-0.0001	0.3602	1
0.091	0.3024	0.3604	0.0908	0.3022	0.3602	1
0.0001	0.0931	0.3604	-0.0001	0.0929	0.3602	1
0.091	0.0234	0.3302	0.0908	0.0232	0.33	1
0.0001	0.0001	0.361	-0.0001	-0.0001	0.3608	1
0.0001	0.1164	0.3604	-0.0001	0.1162	0.3602	1
0.0001	0.0234	0.3604	-0.0001	0.0232	0.3602	1
0.0001	0.1629	0.3604	-0.0001	0.1627	0.3602	1
0.0001	0.0001	0.3798	-0.0001	-0.0001	0.3796	1
0.0001	0.1164	0.3604	-0.0001	0.1162	0.3602	1
0.0001	0.0001	0.3604	-0.0001	-0.0001	0.3602	1
0.0001	0.0699	0.3604	-0.0001	0.0697	0.3602	1
0.091	0.2094	0.3604	0.0908	0.2092	0.3602	1
0.0001	0.0466	0.361	-0.0001	0.0464	0.3608	1
0.0001	0.0001	0.361	-0.0001	-0.0001	0.3608	1
0.1819	0.0699	0.3453	0.1817	0.0697	0.3451	1
0.091	0.442	0.3604	0.0908	0.4418	0.3602	1
0.0001	0.0001	0.361	-0.0001	-0.0001	0.3608	1
0.0001	0.0699	0.3042	-0.0001	0.0697	0.304	1
0.0001	0.0234	0.361	-0.0001	0.0232	0.3608	1
0.0001	0.0234	0.3604	-0.0001	0.0232	0.3602	1
0.0001	0.0234	0.3284	-0.0001	0.0232	0.3282	1
0.0001	0.0699	0.3604	-0.0001	0.0697	0.3602	1
0.0001	0.1861	0.3604	-0.0001	0.1859	0.3602	1
0.0001	0.1164	0.3786	-0.0001	0.1162	0.3784	1
0.0001	0.0001	0.3604	-0.0001	-0.0001	0.3602	1
0.0001	0.0931	0.361	-0.0001	0.0929	0.3608	1
0.0001	0.0466	0.358	-0.0001	0.0464	0.3578	1
0.0001	0.0699	0.361	-0.0001	0.0697	0.3608	1
0.0001	0.0234	0.7776	-0.0001	0.0232	0.7774	1
0.0001	0.0234	0.3604	-0.0001	0.0232	0.3602	1
0.0001	0.0001	0.3598	-0.0001	-0.0001	0.3596	1
0.0001	0.0466	0.361	-0.0001	0.0464	0.3608	1
0.0001	0.0466	0.361	-0.0001	0.0464	0.3608	1
0.091	0.0234	0.3604	0.0908	0.0232	0.3602	1
0.0001	0.0466	0.3604	-0.0001	0.0464	0.3602	1
0.0001	0.0234	0.3598	-0.0001	0.0232	0.3596	1
0.0001	0.0466	0.361	-0.0001	0.0464	0.3608	1
0.091	0.0001	0.3604	0.0908	-0.0001	0.3602	1
0.0001	0.0001	0.3604	-0.0001	-0.0001	0.3602	1
0.0001	0.0234	0.3822	-0.0001	0.0232	0.382	1
0.0001	0.0699	0.3604	-0.0001	0.0697	0.3602	1
0.0001	0.0699	0.722	-0.0001	0.0697	0.7218	1
0.0001	0.0001	0.361	-0.0001	-0.0001	0.3608	1
0.0001	0.0001	0.3604	-0.0001	-0.0001	0.3602	1
0.0001	0.4187	0.3604	-0.0001	0.4185	0.3602	1
0.0001	0.0234	0.3604	-0.0001	0.0232	0.3602	1
0.0001	0.2094	0.361	-0.0001	0.2092	0.3608	1
0.0001	0.0001	0.3604	-0.0001	-0.0001	0.3602	1
0.0001	0.0001	0.3604	-0.0001	-0.0001	0.3602	1
0.0001	0.1164	0.251	-0.0001	0.1162	0.2508	1
0.0001	0.0699	0.361	-0.0001	0.0697	0.3608	1
0.0001	0.0466	0.361	-0.0001	0.0464	0.3608	1
0.0001	0.1629	0.3604	-0.0001	0.1627	0.3602	1
0.0001	0.0001	0.3604	-0.0001	-0.0001	0.3602	1
0.0001	0.1164	0.3604	-0.0001	0.1162	0.3602	1
0.091	0.1861	0.3604	0.0908	0.1859	0.3602	1
0.0001	0.2094	0.3604	-0.0001	0.2092	0.3602	1
0.0001	0.0234	0.3604	-0.0001	0.0232	0.3602	1
0.0001	0.0931	0.361	-0.0001	0.0929	0.3608	1
0.091	0.0466	0.361	0.0908	0.0464	0.3608	1
0.0001	0.0001	0.3604	-0.0001	-0.0001	0.3602	1
0.0001	0.1396	0.3604	-0.0001	0.1394	0.3602	1
0.0001	0.1164	0.3604	-0.0001	0.1162	0.3602	1
0.0001	0.535	0.361	-0.0001	0.5348	0.3608	1
0.0001	0.1396	0.485	-0.0001	0.1394	0.4848	1
0.0001	0.0931	0.3151	-0.0001	0.0929	0.3149	1
0.091	0.5815	0.361	0.0908	0.5813	0.3608	1
0.0001	0.7675	0.482	-0.0001	0.7673	0.4818	1
0.0001	0.0001	0.3604	-0.0001	-0.0001	0.3602	1
0.0001	0.0699	0.3604	-0.0001	0.0697	0.3602	1
0.0001	0.0931	0.361	-0.0001	0.0929	0.3608	1
0.0001	0.2094	0.3604	-0.0001	0.2092	0.3602	1
0.0001	0.0699	0.361	-0.0001	0.0697	0.3608	1
0.091	0.0234	0.3604	0.0908	0.0232	0.3602	1
0.0001	0.0234	0.361	-0.0001	0.0232	0.3608	1
0.0001	0.0699	0.361	-0.0001	0.0697	0.3608	1
0.0001	0.0001	0.3592	-0.0001	-0.0001	0.359	1
0.0001	0.0931	0.3272	-0.0001	0.0929	0.327	1
0.0001	0.2327	0.3604	-0.0001	0.2325	0.3602	1
0.0001	0.1629	0.3604	-0.0001	0.1627	0.3602	1
0.0001	0.0234	0.3604	-0.0001	0.0232	0.3602	1
0.0001	0.535	0.361	-0.0001	0.5348	0.3608	1
0.0001	0.0001	0.3604	-0.0001	-0.0001	0.3602	1
0.0001	0.0234	0.349	-0.0001	0.0232	0.3488	1
0.0001	0.0001	0.361	-0.0001	-0.0001	0.3608	1
0.0001	0.0001	0.3604	-0.0001	-0.0001	0.3602	1
0.0001	0.0931	0.2583	-0.0001	0.0929	0.2581	1
0.0001	0.0234	0.3604	-0.0001	0.0232	0.3602	1
0.091	0.0466	0.2982	0.0908	0.0464	0.298	1
0.0001	0.0234	0.3604	-0.0001	0.0232	0.3602	1
0.0001	0.0466	0.361	-0.0001	0.0464	0.3608	1
0.0001	0.0234	0.3604	-0.0001	0.0232	0.3602	1
0.0001	0.0466	0.352	-0.0001	0.0464	0.3518	1
0.0001	0.0931	0.4596	-0.0001	0.0929	0.4594	1
0.0001	0.0466	0.3604	-0.0001	0.0464	0.3602	1
0.0001	0.0001	0.3604	-0.0001	-0.0001	0.3602	1
0.0001	0.0466	0.3604	-0.0001	0.0464	0.3602	1
0.0001	0.0001	0.3604	-0.0001	-0.0001	0.3602	1
0.0001	0.3257	0.3604	-0.0001	0.3255	0.3602	1
0.0001	0.1164	0.3604	-0.0001	0.1162	0.3602	1
0.0001	0.3722	0.3604	-0.0001	0.372	0.3602	1
0.0001	0.0001	0.3604	-0.0001	-0.0001	0.3602	1
0.0001	0.0001	0.3604	-0.0001	-0.0001	0.3602	1
0.091	0.0699	0.361	0.0908	0.0697	0.3608	1
0.091	0.0931	0.3604	0.0908	0.0929	0.3602	1
0.0001	0.0466	0.1307	-0.0001	0.0464	0.1305	1
0.091	0.1629	0.3604	0.0908	0.1627	0.3602	1
0.0001	0.0001	0.3604	-0.0001	-0.0001	0.3602	1
0.0001	0.3722	0.3598	-0.0001	0.372	0.3596	1
0.0001	0.0466	0.3604	-0.0001	0.0464	0.3602	1
0.0001	0.0001	0.3604	-0.0001	-0.0001	0.3602	1
0.0001	0.4885	0.3604	-0.0001	0.4883	0.3602	1
0.0001	0.628	0.3604	-0.0001	0.6278	0.3602	1
0.091	0.3024	0.3604	0.0908	0.3022	0.3602	1
0.0001	0.0234	0.361	-0.0001	0.0232	0.3608	1
0.0001	0.0466	0.3604	-0.0001	0.0464	0.3602	1
0.0001	0.2094	0.3604	-0.0001	0.2092	0.3602	1
0.091	0.0234	0.4354	0.0908	0.0232	0.4352	1
0.2728	0.0466	0.3604	0.2726	0.0464	0.3602	1
0.0001	0.4885	0.361	-0.0001	0.4883	0.3608	1
0.0001	0.0931	0.361	-0.0001	0.0929	0.3608	1
0.0001	0.1396	0.3526	-0.0001	0.1394	0.3524	1
0.0001	0.0234	0.3604	-0.0001	0.0232	0.3602	1
0.0001	0.0001	0.3604	-0.0001	-0.0001	0.3602	1
0.091	0.1629	0.3604	0.0908	0.1627	0.3602	1
0.0001	0.0466	0.8018	-0.0001	0.0464	0.8016	1
0.0001	0.0001	0.361	-0.0001	-0.0001	0.3608	1
0.0001	0.0466	0.3604	-0.0001	0.0464	0.3602	1
0.0001	0.0234	0.361	-0.0001	0.0232	0.3608	1
0.0001	0.0001	0.3604	-0.0001	-0.0001	0.3602	1
0.0001	0.1164	0.3604	-0.0001	0.1162	0.3602	1
0.0001	0.0234	0.361	-0.0001	0.0232	0.3608	1
0.0001	0.0234	0.361	-0.0001	0.0232	0.3608	1
0.0001	0.0001	0.361	-0.0001	-0.0001	0.3608	1
0.0001	0.0234	0.361	-0.0001	0.0232	0.3608	1
0.0001	0.0931	0.4016	-0.0001	0.0929	0.4014	1
0.5456	0.1861	0.3792	0.5454	0.1859	0.379	1
0.0001	0.1861	0.3604	-0.0001	0.1859	0.3602	1
0.0001	0.0699	0.361	-0.0001	0.0697	0.3608	1
0.091	0.0234	0.3604	0.0908	0.0232	0.3602	1
0.0001	0.0001	0.3604	-0.0001	-0.0001	0.3602	1
0.0001	0.0466	0.361	-0.0001	0.0464	0.3608	1
0.0001	0.0466	0.3604	-0.0001	0.0464	0.3602	1
0.0001	0.0001	0.361	-0.0001	-0.0001	0.3608	1
0.0001	0.0234	0.3604	-0.0001	0.0232	0.3602	1
0.0001	0.1396	0.3562	-0.0001	0.1394	0.356	1
0.0001	0.0466	0.3604	-0.0001	0.0464	0.3602	1
0.0001	0.0001	0.3604	-0.0001	-0.0001	0.3602	1
0.0001	0.0466	0.361	-0.0001	0.0464	0.3608	1
0.0001	0.4885	0.3604	-0.0001	0.4883	0.3602	1
0.0001	0.0001	0.361	-0.0001	-0.0001	0.3608	1
0.0001	0.0001	0.3604	-0.0001	-0.0001	0.3602	1
0.0001	0.0931	0.361	-0.0001	0.0929	0.3608	1
0.0001	0.1861	0.361	-0.0001	0.1859	0.3608	1
0.0001	0.1396	0.361	-0.0001	0.1394	0.3608	1
0.0001	0.0466	0.3604	-0.0001	0.0464	0.3602	1
0.0001	0.0001	0.3604	-0.0001	-0.0001	0.3602	1
0.0001	0.0234	0.3604	-0.0001	0.0232	0.3602	1
0.0001	0.0001	0.3604	-0.0001	-0.0001	0.3602	1
0.0001	0.0931	0.3604	-0.0001	0.0929	0.3602	1
0.0001	0.0699	0.3604	-0.0001	0.0697	0.3602	1
0.0001	0.0234	0.3381	-0.0001	0.0232	0.3379	1
0.0001	0.0699	0.3604	-0.0001	0.0697	0.3602	1
0.0001	0.0234	0.3604	-0.0001	0.0232	0.3602	1
0.0001	0.0001	0.3604	-0.0001	-0.0001	0.3602	1
0.0001	0.0699	0.3604	-0.0001	0.0697	0.3602	1
0.0001	0.0001	0.3604	-0.0001	-0.0001	0.3602	1
0.0001	0.0234	0.3604	-0.0001	0.0232	0.3602	1
0.091	0.2559	0.361	0.0908	0.2557	0.3608	1
0.0001	0.0001	0.361	-0.0001	-0.0001	0.3608	1
0.0001	0.0234	0.361	-0.0001	0.0232	0.3608	1
0.0001	0.2559	0.361	-0.0001	0.2557	0.3608	1
0.0001	0.0001	0.3604	-0.0001	-0.0001	0.3602	1
0.0001	0.0234	0.361	-0.0001	0.0232	0.3608	1
0.0001	0.0699	0.3604	-0.0001	0.0697	0.3602	1
0.0001	0.0931	0.3604	-0.0001	0.0929	0.3602	1
0.0001	0.0699	0.361	-0.0001	0.0697	0.3608	1
0.0001	0.0699	0.3604	-0.0001	0.0697	0.3602	1
0.091	0.1629	0.361	0.0908	0.1627	0.3608	1
0.0001	0.0234	0.3604	-0.0001	0.0232	0.3602	1
0.0001	0.1861	0.3604	-0.0001	0.1859	0.3602	1
0.0001	0.0234	0.3604	-0.0001	0.0232	0.3602	1
0.0001	0.0001	0.361	-0.0001	-0.0001	0.3608	1
0.0001	0.0234	0.3604	-0.0001	0.0232	0.3602	1
0.0001	0.0001	0.3604	-0.0001	-0.0001	0.3602	1
0.091	0.3722	0.3604	0.0908	0.372	0.3602	1
0.0001	0.0001	0.3604	-0.0001	-0.0001	0.3602	1
0.0001	0.0931	0.3574	-0.0001	0.0929	0.3572	1
0.0001	0.0466	0.3604	-0.0001	0.0464	0.3602	1
0.0001	0.1396	0.361	-0.0001	0.1394	0.3608	1
0.0001	0.535	0.3604	-0.0001	0.5348	0.3602	1
0.0001	0.0931	0.3604	-0.0001	0.0929	0.3602	1
0.0001	0.5582	0.3604	-0.0001	0.558	0.3602	1
0.0001	0.0699	0.361	-0.0001	0.0697	0.3608	1
0.0001	0.0234	0.3604	-0.0001	0.0232	0.3602	1
0.0001	0.1396	0.3786	-0.0001	0.1394	0.3784	1
0.0001	0.0234	0.3465	-0.0001	0.0232	0.3463	1
0.0001	0.0001	0.361	-0.0001	-0.0001	0.3608	1
0.0001	0.0001	0.361	-0.0001	-0.0001	0.3608	1
0.0001	0.0466	0.3604	-0.0001	0.0464	0.3602	1
0.0001	0.0699	0.3604	-0.0001	0.0697	0.3602	1
0.0001	0.0466	0.3604	-0.0001	0.0464	0.3602	1
0.0001	0.0466	0.3604	-0.0001	0.0464	0.3602	1
0.0001	0.1861	0.3604	-0.0001	0.1859	0.3602	1
0.0001	0.0234	0.3604	-0.0001	0.0232	0.3602	1
0.0001	0.0234	0.3604	-0.0001	0.0232	0.3602	1
0.0001	0.0234	0.2764	-0.0001	0.0232	0.2762	1
0.0001	0.0234	0.3604	-0.0001	0.0232	0.3602	1
0.0001	0.0001	0.361	-0.0001	-0.0001	0.3608	1
0.0001	0.0001	0.361	-0.0001	-0.0001	0.3608	1
0.0001	0.0001	0.361	-0.0001	-0.0001	0.3608	1
0.0001	0.0001	0.361	-0.0001	-0.0001	0.3608	1
0.0001	0.0234	0.361	-0.0001	0.0232	0.3608	1
0.0001	0.0931	0.3604	-0.0001	0.0929	0.3602	1
0.0001	0.0001	0.3604	-0.0001	-0.0001	0.3602	1
0.0001	0.0466	0.361	-0.0001	0.0464	0.3608	1
0.0001	0.0001	0.3604	-0.0001	-0.0001	0.3602	1
0.0001	0.1164	0.3369	-0.0001	0.1162	0.3367	1
0.0001	0.0001	0.3604	-0.0001	-0.0001	0.3602	1
0.0001	0.1629	0.3453	-0.0001	0.1627	0.3451	1
0.0001	0.0001	0.3604	-0.0001	-0.0001	0.3602	1
0.0001	0.0001	0.3604	-0.0001	-0.0001	0.3602	1
0.0001	0.3024	0.3604	-0.0001	0.3022	0.3602	1
0.091	0.1861	0.3604	0.0908	0.1859	0.3602	1
0.091	0.0699	0.3604	0.0908	0.0697	0.3602	1
0.0001	0.0234	0.3604	-0.0001	0.0232	0.3602	1
0.0001	0.1861	0.3604	-0.0001	0.1859	0.3602	1
0.0001	0.0001	0.361	-0.0001	-0.0001	0.3608	1
0.0001	0.0466	0.3604	-0.0001	0.0464	0.3602	1
0.0001	0.0234	0.2861	-0.0001	0.0232	0.2859	1
0.0001	0.2327	0.3115	-0.0001	0.2325	0.3113	1
0.0001	0.0931	0.3465	-0.0001	0.0929	0.3463	1
0.0001	0.0001	0.3604	-0.0001	-0.0001	0.3602	1
0.0001	0.0001	0.361	-0.0001	-0.0001	0.3608	1
0.0001	0.0234	0.3604	-0.0001	0.0232	0.3602	1
0.0001	0.1861	0.361	-0.0001	0.1859	0.3608	1
0.0001	0.2327	0.3604	-0.0001	0.2325	0.3602	1
0.0001	0.5815	0.3604	-0.0001	0.5813	0.3602	1
0.0001	0.0001	0.3604	-0.0001	-0.0001	0.3602	1
0.1819	0.0234	0.3604	0.1817	0.0232	0.3602	1
0.0001	0.0466	0.3604	-0.0001	0.0464	0.3602	1
0.0001	0.0001	0.3604	-0.0001	-0.0001	0.3602	1
0.0001	0.0001	0.3604	-0.0001	-0.0001	0.3602	1
0.0001	0.1861	0.3604	-0.0001	0.1859	0.3602	1
0.0001	0.0001	0.3604	-0.0001	-0.0001	0.3602	1
0.0001	0.0001	0.3604	-0.0001	-0.0001	0.3602	1
0.0001	0.3024	0.7722	-0.0001	0.3022	0.772	1
0.0001	0.1861	0.3604	-0.0001	0.1859	0.3602	1
0.0001	0.0466	0.3526	-0.0001	0.0464	0.3524	1
0.0001	0.0466	0.202	-0.0001	0.0464	0.2018	1
0.0001	0.0001	0.3604	-0.0001	-0.0001	0.3602	1
0.0001	0.0001	0.3604	-0.0001	-0.0001	0.3602	1
0.0001	0.0001	0.3604	-0.0001	-0.0001	0.3602	1
0.0001	0.0001	0.361	-0.0001	-0.0001	0.3608	1
0.0001	0.0234	0.361	-0.0001	0.0232	0.3608	1
0.1819	0.0699	0.6869	0.1817	0.0697	0.6867	1
0.0001	0.0001	0.361	-0.0001	-0.0001	0.3608	1
0.0001	0.0001	0.3604	-0.0001	-0.0001	0.3602	1
0.0001	0.0699	0.3544	-0.0001	0.0697	0.3542	1
0.091	0.0466	0.361	0.0908	0.0464	0.3608	1
0.091	0.4187	0.4034	0.0908	0.4185	0.4032	1
0.0001	0.0466	0.3604	-0.0001	0.0464	0.3602	1
0.0001	0.0234	0.352	-0.0001	0.0232	0.3518	1
0.0001	0.2327	0.332	-0.0001	0.2325	0.3318	1
0.0001	0.3024	0.3604	-0.0001	0.3022	0.3602	1
0.0001	0.0234	0.3217	-0.0001	0.0232	0.3215	1
0.0001	0.0001	0.361	-0.0001	-0.0001	0.3608	1
0.0001	0.1396	0.3604	-0.0001	0.1394	0.3602	1
0.0001	0.0001	0.361	-0.0001	-0.0001	0.3608	1
0.091	0.1164	0.3604	0.0908	0.1162	0.3602	1
0.0001	0.0001	0.3604	-0.0001	-0.0001	0.3602	1
0.0001	0.1629	0.361	-0.0001	0.1627	0.3608	1
0.0001	0.3024	0.3604	-0.0001	0.3022	0.3602	1
0.0001	0.1629	0.361	-0.0001	0.1627	0.3608	1
0.0001	0.0001	0.361	-0.0001	-0.0001	0.3608	1
0.0001	0.0001	0.3604	-0.0001	-0.0001	0.3602	1
0.0001	0.0466	0.3604	-0.0001	0.0464	0.3602	1
0.0001	0.0001	0.361	-0.0001	-0.0001	0.3608	1
0.0001	0.0001	0.3604	-0.0001	-0.0001	0.3602	1
0.0001	0.3024	0.3604	-0.0001	0.3022	0.3602	1
0.0001	0.0234	0.3574	-0.0001	0.0232	0.3572	1
0.0001	0.3489	0.361	-0.0001	0.3487	0.3608	1
0.091	0.0001	0.361	0.0908	-0.0001	0.3608	1
0.0001	0.1164	0.3604	-0.0001	0.1162	0.3602	1
0.0001	0.3257	0.3544	-0.0001	0.3255	0.3542	1
0.091	0.6745	0.3604	0.0908	0.6743	0.3602	1
0.0001	0.1629	0.3604	-0.0001	0.1627	0.3602	1
0.0001	0.0466	0.3604	-0.0001	0.0464	0.3602	1
0.0001	0.2094	0.3604	-0.0001	0.2092	0.3602	1
0.0001	0.0234	0.3435	-0.0001	0.0232	0.3433	1
0.0001	0.0234	0.3604	-0.0001	0.0232	0.3602	1
0.0001	0.2094	0.361	-0.0001	0.2092	0.3608	1
0.0001	0.3024	0.361	-0.0001	0.3022	0.3608	1
0.0001	0.0234	0.361	-0.0001	0.0232	0.3608	1
0.0001	0.0001	0.361	-0.0001	-0.0001	0.3608	1
0.0001	0.0234	0.355	-0.0001	0.0232	0.3548	1
0.0001	0.0001	0.3604	-0.0001	-0.0001	0.3602	1
0.0001	0.0001	0.3604	-0.0001	-0.0001	0.3602	1
0.0001	0.0001	0.3604	-0.0001	-0.0001	0.3602	1
0.0001	0.0001	0.3604	-0.0001	-0.0001	0.3602	1
0.0001	0.1629	0.3604	-0.0001	0.1627	0.3602	1
0.0001	0.0466	0.4239	-0.0001	0.0464	0.4237	1
0.0001	0.0001	0.361	-0.0001	-0.0001	0.3608	1
0.0001	0.0699	0.3604	-0.0001	0.0697	0.3602	1
0.0001	0.0699	0.3604	-0.0001	0.0697	0.3602	1
0.0001	0.2327	0.361	-0.0001	0.2325	0.3608	1
0.0001	0.0466	0.361	-0.0001	0.0464	0.3608	1
0.0001	0.0001	0.3604	-0.0001	-0.0001	0.3602	1
0.0001	0.5117	0.361	-0.0001	0.5115	0.3608	1
0.0001	0.3489	0.3604	-0.0001	0.3487	0.3602	1
0.0001	0.3489	0.361	-0.0001	0.3487	0.3608	1
0.0001	0.4652	0.3604	-0.0001	0.465	0.3602	1
0.091	0.0466	0.3604	0.0908	0.0464	0.3602	1
0.0001	0.0931	0.3604	-0.0001	0.0929	0.3602	1
0.0001	0.5815	0.4608	-0.0001	0.5813	0.4606	1
0.0001	0.0234	0.3604	-0.0001	0.0232	0.3602	1
0.0001	0.0001	0.361	-0.0001	-0.0001	0.3608	1
0.0001	0.0001	0.3604	-0.0001	-0.0001	0.3602	1
0.0001	0.1629	0.3604	-0.0001	0.1627	0.3602	1
0.0001	0.2094	0.358	-0.0001	0.2092	0.3578	1
0.0001	0.0001	0.3604	-0.0001	-0.0001	0.3602	1
0.1819	0.1164	0.3604	0.1817	0.1162	0.3602	1
0.0001	0.0699	0.361	-0.0001	0.0697	0.3608	1
0.0001	0.0234	0.361	-0.0001	0.0232	0.3608	1
0.0001	0.0234	0.3526	-0.0001	0.0232	0.3524	1
0.0001	0.1164	0.3604	-0.0001	0.1162	0.3602	1
0.0001	0.0001	0.3604	-0.0001	-0.0001	0.3602	1
0.0001	0.0234	0.3604	-0.0001	0.0232	0.3602	1
0.091	0.0234	0.3604	0.0908	0.0232	0.3602	1
0.0001	0.0001	0.3604	-0.0001	-0.0001	0.3602	1
0.0001	0.0001	0.3604	-0.0001	-0.0001	0.3602	1
0.0001	0.0466	0.3604	-0.0001	0.0464	0.3602	1
0.0001	0.535	0.3604	-0.0001	0.5348	0.3602	1
0.0001	0.0001	0.361	-0.0001	-0.0001	0.3608	1
0.0001	0.0001	0.3604	-0.0001	-0.0001	0.3602	1
0.0001	0.0001	0.3604	-0.0001	-0.0001	0.3602	1
0.0001	0.0001	0.3604	-0.0001	-0.0001	0.3602	1
0.0001	0.0001	0.3604	-0.0001	-0.0001	0.3602	1
0.0001	0.3024	0.3997	-0.0001	0.3022	0.3995	1
0.0001	0.0001	0.3604	-0.0001	-0.0001	0.3602	1
0.0001	0.0001	0.3604	-0.0001	-0.0001	0.3602	1
0.0001	0.0001	0.3604	-0.0001	-0.0001	0.3602	1
0.0001	0.0001	0.3604	-0.0001	-0.0001	0.3602	1
0.0001	0.0931	0.361	-0.0001	0.0929	0.3608	1
0.0001	0.1396	0.3604	-0.0001	0.1394	0.3602	1
0.0001	0.0466	0.3604	-0.0001	0.0464	0.3602	1
0.0001	0.1861	0.3822	-0.0001	0.1859	0.382	1
0.0001	0.0234	0.3604	-0.0001	0.0232	0.3602	1
0.0001	0.0699	0.3604	-0.0001	0.0697	0.3602	1
0.0001	0.0234	0.3604	-0.0001	0.0232	0.3602	1
0.0001	0.0001	0.361	-0.0001	-0.0001	0.3608	1
0.091	0.3722	0.3604	0.0908	0.372	0.3602	1
0.0001	0.0699	0.361	-0.0001	0.0697	0.3608	1
0.0001	0.2327	0.3574	-0.0001	0.2325	0.3572	1
0.0001	0.3257	0.3749	-0.0001	0.3255	0.3747	1
0.0001	0.1629	0.3604	-0.0001	0.1627	0.3602	1
0.0001	0.0001	0.3604	-0.0001	-0.0001	0.3602	1
0.0001	0.0001	0.361	-0.0001	-0.0001	0.3608	1
0.0001	0.0001	0.3604	-0.0001	-0.0001	0.3602	1
0.0001	0.0931	0.3604	-0.0001	0.0929	0.3602	1
