0.3194 0.2362 0.9066 0.3196 0.2364 0.9068 0
0.7511 0.5527 0.1278 0.7513 0.5529 0.1280 0
0.3737 0.0151 0.9999 0.3739 0.0153 1.0001 0
0.2742 0.8928 0.3096 0.2744 0.8930 0.3098 0
0.9267 0.5159 0.0209 0.9269 0.5161 0.0211 0
0.7094 0.1975 0.5828 0.7096 0.1977 0.5830 0
0.1931 0.1692 0.9999 0.1933 0.1694 1.0001 0
0.4519 0.9671 0.0409 0.4521 0.9673 0.0411 0
0.5425 0.8962 0.0897 0.5427 0.8964 0.0899 0
0.3210 0.3340 0.8474 0.3212 0.3342 0.8476 0
0.2543 0.4417 0.7458 0.2545 0.4419 0.7460 0
0.4053 0.3219 0.8266 0.4055 0.3221 0.8268 0
0.8431 0.6463 0.0154 0.8433 0.6465 0.0156 0
0.0892 0.9525 0.5195 0.0894 0.9527 0.5197 0
0.8055 0.0205 0.6188 0.8057 0.0207 0.6190 0
0.4725 0.7987 0.3775 0.4727 0.7989 0.3777 0
0.3938 0.4312 0.7030 0.3940 0.4314 0.7032 0
0.6050 0.2950 0.6197 0.6052 0.2952 0.6199 0
0.4151 0.0122 0.9999 0.4153 0.0124 1.0001 0
0.4348 0.7205 0.3603 0.4350 0.7207 0.3605 0
0.4715 0.0113 0.9923 0.4717 0.0115 0.9925 0
0.9712 0.4931 0.0329 0.9714 0.4933 0.0331 0
0.1848 0.5724 0.7284 0.1850 0.5726 0.7286 0
0.8016 0.1703 0.5462 0.8018 0.1705 0.5464 0
0.1284 0.1576 0.9999 0.1286 0.1578 1.0001 0
0.4536 0.1249 0.9970 0.4538 0.1251 0.9972 0
0.2682 0.2772 0.9347 0.2684 0.2774 0.9349 0
0.0302 0.1536 0.9999 0.0304 0.1538 1.0001 0
0.6802 0.6243 0.2003 0.6804 0.6245 0.2005 0
0.2260 0.3544 0.9376 0.2262 0.3546 0.9378 0
0.9124 0.3055 0.2722 0.9126 0.3057 0.2724 0
0.4701 0.5071 0.5861 0.4703 0.5073 0.5863 0
0.2161 0.4539 0.8572 0.2163 0.4541 0.8574 0
0.7847 0.2898 0.4277 0.7849 0.2900 0.4279 0
0.4314 0.2238 0.8989 0.4316 0.2240 0.8991 0
0.5515 0.2511 0.7005 0.5517 0.2513 0.7007 0
0.5504 0.3825 0.4998 0.5506 0.3827 0.5000 0
0.7065 0.3475 0.3819 0.7067 0.3477 0.3821 0
0.2725 0.5809 0.6215 0.2727 0.5811 0.6217 0
0.7524 0.3694 0.3379 0.7526 0.3696 0.3381 0
0.5312 0.7399 0.2814 0.5314 0.7401 0.2816 0
0.0514 0.5312 0.8952 0.0516 0.5314 0.8954 0
0.9984 0.0789 0.4146 0.9986 0.0791 0.4148 0
0.4079 0.5174 0.5765 0.4081 0.5176 0.5767 0
0.6402 0.7297 0.1673 0.6404 0.7299 0.1675 0
0.1522 0.1517 0.9999 0.1524 0.1519 1.0001 0
0.8987 0.4372 0.0785 0.8989 0.4374 0.0787 0
0.2207 0.8954 0.4159 0.2209 0.8956 0.4161 0
0.2688 0.8257 0.3487 0.2690 0.8259 0.3489 0
0.1635 0.6907 0.6604 0.1637 0.6909 0.6606 0
0.6371 0.7306 0.2265 0.6373 0.7308 0.2267 0
0.3167 0.1869 0.9837 0.3169 0.1871 0.9839 0
0.8557 0.2764 0.3486 0.8559 0.2766 0.3488 0
0.2766 0.3034 0.8512 0.2768 0.3036 0.8514 0
0.2896 0.1471 0.9999 0.2898 0.1473 1.0001 0
0.7367 0.4787 0.2112 0.7369 0.4789 0.2114 0
0.5488 0.7232 0.2835 0.5490 0.7234 0.2837 0
0.5745 0.1741 0.6948 0.5747 0.1743 0.6950 0
0.2085 0.7069 0.5938 0.2087 0.7071 0.5940 0
0.6596 0.6058 0.2241 0.6598 0.6060 0.2243 0
0.6316 0.2318 0.6015 0.6318 0.2320 0.6017 0
0.3976 0.4276 0.6164 0.3978 0.4278 0.6166 0
0.8203 0.2825 0.3791 0.8205 0.2827 0.3793 0
0.3278 0.5654 0.6245 0.3280 0.5656 0.6247 0
0.9622 0.5270 0.0049 0.9624 0.5272 0.0051 0
0.1308 0.6909 0.6278 0.1310 0.6911 0.6280 0
0.7737 0.1725 0.4826 0.7739 0.1727 0.4828 0
0.4051 0.8155 0.2898 0.4053 0.8157 0.2900 0
0.4799 0.0301 0.9999 0.4801 0.0303 1.0001 0
0.4207 0.1643 0.8414 0.4209 0.1645 0.8416 0
0.4898 0.2968 0.7199 0.4900 0.2970 0.7201 0
0.4970 0.8906 0.0973 0.4972 0.8908 0.0975 0
0.8087 0.2835 0.4568 0.8089 0.2837 0.4570 0
0.3133 0.8144 0.3692 0.3135 0.8146 0.3694 0
0.9465 0.0699 0.5080 0.9467 0.0701 0.5082 0
0.2871 0.8864 0.2899 0.2873 0.8866 0.2901 0
0.8848 0.5065 0.2280 0.8850 0.5067 0.2282 0
0.8824 0.5099 0.1490 0.8826 0.5101 0.1492 0
0.5461 0.8800 0.1057 0.5463 0.8802 0.1059 0
0.2795 0.5724 0.6880 0.2797 0.5726 0.6882 0
0.6097 0.2115 0.6989 0.6099 0.2117 0.6991 0
0.2929 0.3658 0.7820 0.2931 0.3660 0.7822 0
0.8757 0.2317 0.3390 0.8759 0.2319 0.3392 0
0.4804 0.5663 0.4744 0.4806 0.5665 0.4746 0
0.8400 0.4402 0.1866 0.8402 0.4404 0.1868 0
0.7435 0.3848 0.3506 0.7437 0.3850 0.3508 0
0.9246 0.5223 0.0501 0.9248 0.5225 0.0503 0
0.4757 0.3598 0.5904 0.4759 0.3600 0.5906 0
0.3118 0.1649 0.9999 0.3120 0.1651 1.0001 0
0.1412 0.3836 0.9998 0.1414 0.3838 1.0000 0
0.9515 0.0200 0.5075 0.9517 0.0202 0.5077 0
0.2020 0.2796 0.9999 0.2022 0.2798 1.0001 0
0.0147 0.9390 0.4615 0.0149 0.9392 0.4617 0
0.8312 0.2808 0.4004 0.8314 0.2810 0.4006 0
0.5528 0.5922 0.4267 0.5530 0.5924 0.4269 0
0.6896 0.5361 0.2361 0.6898 0.5363 0.2363 0
0.4588 0.4754 0.5412 0.4590 0.4756 0.5414 0
0.1008 0.0419 0.9999 0.1010 0.0421 1.0001 0
0.0652 0.3911 0.9754 0.0654 0.3913 0.9756 0
0.9808 0.3885 0.1222 0.9810 0.3887 0.1224 0
0.7060 0.0871 0.7497 0.7062 0.0873 0.7499 0
0.9965 0.4391 0.0168 0.9967 0.4393 0.0170 0
0.5319 0.5286 0.4539 0.5321 0.5288 0.4541 0
0.0585 0.9200 0.5741 0.0587 0.9202 0.5743 0
0.4383 0.7562 0.2766 0.4385 0.7564 0.2768 0
0.7038 0.0427 0.6404 0.7040 0.0429 0.6406 0
0.2195 0.8056 0.4292 0.2197 0.8058 0.4294 0
0.9643 0.2438 0.2752 0.9645 0.2440 0.2754 0
0.2822 0.8861 0.4038 0.2824 0.8863 0.4040 0
0.1778 0.0836 0.9999 0.1780 0.0838 1.0001 0
0.3357 0.0861 0.9706 0.3359 0.0863 0.9708 0
0.2093 0.3535 0.8672 0.2095 0.3537 0.8674 0
0.1886 0.0302 0.9999 0.1888 0.0304 1.0001 0
0.0137 0.2620 0.9999 0.0139 0.2622 1.0001 0
0.0654 0.5487 0.8907 0.0656 0.5489 0.8909 0
0.7415 0.6504 0.1404 0.7417 0.6506 0.1406 0
0.4418 0.7445 0.2260 0.4420 0.7447 0.2262 0
0.3439 0.0111 0.9999 0.3441 0.0113 1.0001 0
0.0320 0.6084 0.8337 0.0322 0.6086 0.8339 0
0.4797 0.2390 0.7683 0.4799 0.2392 0.7685 0
0.1401 0.6078 0.6419 0.1403 0.6080 0.6421 0
0.9184 0.4248 0.1672 0.9186 0.4250 0.1674 0
0.0848 0.8102 0.6624 0.0850 0.8104 0.6626 0
0.1635 0.3634 0.9999 0.1637 0.3636 1.0001 0
0.1297 0.9940 0.3920 0.1299 0.9942 0.3922 0
0.0163 0.4886 0.9999 0.0165 0.4888 1.0001 0
0.0203 0.0248 0.9999 0.0205 0.0250 1.0001 0
0.9520 0.3700 0.2169 0.9522 0.3702 0.2171 0
0.9812 0.1264 0.4055 0.9814 0.1266 0.4057 0
0.8195 0.5090 0.1343 0.8197 0.5092 0.1345 0
0.0844 0.3224 0.9921 0.0846 0.3226 0.9923 0
0.7453 0.2209 0.4679 0.7455 0.2211 0.4681 0
0.0233 0.5485 0.9672 0.0235 0.5487 0.9674 0
0.5897 0.9678 0.0079 0.5899 0.9680 0.0081 0
0.5853 0.7680 0.1897 0.5855 0.7682 0.1899 0
0.7362 0.1415 0.6995 0.7364 0.1417 0.6997 0
0.6555 0.2079 0.5815 0.6557 0.2081 0.5817 0
0.9539 0.5190 0.0103 0.9541 0.5192 0.0105 0
0.5617 0.4643 0.4277 0.5619 0.4645 0.4279 0
0.9042 0.3204 0.2862 0.9044 0.3206 0.2864 0
0.9849 0.4518 0.0948 0.9851 0.4520 0.0950 0
0.2118 0.0149 0.9999 0.2120 0.0151 1.0001 0
0.3544 0.9432 0.2652 0.3546 0.9434 0.2654 0
0.8292 0.0183 0.6028 0.8294 0.0185 0.6030 0
0.4265 0.5005 0.5370 0.4267 0.5007 0.5372 0
0.0549 0.9249 0.6069 0.0551 0.9251 0.6071 0
0.5821 0.2780 0.6498 0.5823 0.2782 0.6500 0
0.6119 0.0924 0.8170 0.6121 0.0926 0.8172 0
0.5661 0.8758 0.0590 0.5663 0.8760 0.0592 0
0.3033 0.3086 0.9174 0.3035 0.3088 0.9176 0
0.8536 0.5214 0.1067 0.8538 0.5216 0.1069 0
0.4744 0.0944 0.9829 0.4746 0.0946 0.9831 0
0.8209 0.2166 0.4392 0.8211 0.2168 0.4394 0
0.0398 0.1383 0.9999 0.0400 0.1385 1.0001 0
0.5131 0.1411 0.8522 0.5133 0.1413 0.8524 0
0.2396 0.4542 0.6928 0.2398 0.4544 0.6930 0
0.5298 0.5693 0.4508 0.5300 0.5695 0.4510 0
0.4387 0.8360 0.2189 0.4389 0.8362 0.2191 0
0.1150 0.6000 0.7655 0.1152 0.6002 0.7657 0
0.8133 0.6147 0.1763 0.8135 0.6149 0.1765 0
0.2573 0.1291 0.9999 0.2575 0.1293 1.0001 0
0.6556 0.1786 0.6493 0.6558 0.1788 0.6495 0
0.7092 0.2042 0.5887 0.7094 0.2044 0.5889 0
0.5450 0.2925 0.6771 0.5452 0.2927 0.6773 0
0.9197 0.4263 0.1312 0.9199 0.4265 0.1314 0
0.2255 0.5812 0.6367 0.2257 0.5814 0.6369 0
0.2642 0.0182 0.9999 0.2644 0.0184 1.0001 0
0.9154 0.2198 0.3460 0.9156 0.2200 0.3462 0
0.0626 0.6738 0.8206 0.0628 0.6740 0.8208 0
0.3037 0.3713 0.8065 0.3039 0.3715 0.8067 0
0.7980 0.1850 0.5697 0.7982 0.1852 0.5699 0
0.5193 0.0873 0.9348 0.5195 0.0875 0.9350 0
0.1969 0.8447 0.3850 0.1971 0.8449 0.3852 0
0.3643 0.9838 0.1430 0.3645 0.9840 0.1432 0
0.8045 0.4135 0.1846 0.8047 0.4137 0.1848 0
0.1695 0.0359 0.9999 0.1697 0.0361 1.0001 0
0.1216 0.6323 0.7885 0.1218 0.6325 0.7887 0
0.3101 0.4906 0.7384 0.3103 0.4908 0.7386 0
0.5814 0.7249 0.2031 0.5816 0.7251 0.2033 0
0.0263 0.8792 0.6213 0.0265 0.8794 0.6215 0
0.8397 0.1911 0.4208 0.8399 0.1913 0.4210 0
0.9358 0.2951 0.1582 0.9360 0.2953 0.1584 0
0.8074 0.0757 0.5194 0.8076 0.0759 0.5196 0
0.0376 0.7538 0.6620 0.0378 0.7540 0.6622 0
0.8930 0.2425 0.3390 0.8932 0.2427 0.3392 0
0.2995 0.6963 0.5238 0.2997 0.6965 0.5240 0
0.3784 0.4864 0.6838 0.3786 0.4866 0.6840 0
0.4146 0.0340 0.9999 0.4148 0.0342 1.0001 0
0.1851 0.0607 0.9999 0.1853 0.0609 1.0001 0
0.6474 0.6924 0.2111 0.6476 0.6926 0.2113 0
0.2666 0.4625 0.7762 0.2668 0.4627 0.7764 0
0.3322 0.2566 0.9793 0.3324 0.2568 0.9795 0
0.1476 0.2133 0.9999 0.1478 0.2135 1.0001 0
0.9876 0.3360 0.2298 0.9878 0.3362 0.2300 0
0.1818 0.2462 0.9999 0.1820 0.2464 1.0001 0
0.0655 0.3279 0.9999 0.0657 0.3281 1.0001 0
0.9688 0.1857 0.3471 0.9690 0.1859 0.3473 0
0.9234 0.0088 0.5692 0.9236 0.0090 0.5694 0
0.8933 0.0208 0.6210 0.8935 0.0210 0.6212 0
0.8039 0.1081 0.5596 0.8041 0.1083 0.5598 0
0.8350 0.4346 0.2316 0.8352 0.4348 0.2318 0
0.6433 0.2486 0.5671 0.6435 0.2488 0.5673 0
0.6168 0.0387 0.8796 0.6170 0.0389 0.8798 0
0.4083 0.3446 0.7902 0.4085 0.3448 0.7904 0
0.7716 0.5691 0.1818 0.7718 0.5693 0.1820 0
0.4476 0.5202 0.5505 0.4478 0.5204 0.5507 0
0.3850 0.3687 0.6200 0.3852 0.3689 0.6202 0
0.1184 0.1012 0.9999 0.1186 0.1014 1.0001 0
0.0675 0.0384 0.9999 0.0677 0.0386 1.0001 0
0.3881 0.5535 0.5946 0.3883 0.5537 0.5948 0
0.3322 0.5205 0.5893 0.3324 0.5207 0.5895 0
0.8786 0.4563 0.0454 0.8788 0.4565 0.0456 0
0.5040 0.2536 0.7191 0.5042 0.2538 0.7193 0
0.9022 0.4044 0.1932 0.9024 0.4046 0.1934 0
0.3594 0.9605 0.0946 0.3596 0.9607 0.0948 0
0.7493 0.5455 0.1733 0.7495 0.5457 0.1735 0
0.2238 0.4191 0.8787 0.2240 0.4193 0.8789 0
0.5095 0.4810 0.4987 0.5097 0.4812 0.4989 0
0.2543 0.4531 0.7919 0.2545 0.4533 0.7921 0
0.6851 0.5772 0.2479 0.6853 0.5774 0.2481 0
0.2407 0.6504 0.6613 0.2409 0.6506 0.6615 0
0.8170 0.6108 0.0574 0.8172 0.6110 0.0576 0
0.3296 0.2745 0.9059 0.3298 0.2747 0.9061 0
0.2025 0.9416 0.3462 0.2027 0.9418 0.3464 0
0.5561 0.7041 0.2031 0.5563 0.7043 0.2033 0
0.2780 0.3404 0.8823 0.2782 0.3406 0.8825 0
0.2377 0.9311 0.3839 0.2379 0.9313 0.3841 0
0.0086 0.5475 0.9790 0.0088 0.5477 0.9792 0
0.7742 0.2413 0.5664 0.7744 0.2415 0.5666 0
0.4477 0.7156 0.3261 0.4479 0.7158 0.3263 0
0.8775 0.0031 0.6988 0.8777 0.0033 0.6990 0
0.9230 0.3157 0.2786 0.9232 0.3159 0.2788 0
0.8833 0.3435 0.2281 0.8835 0.3437 0.2283 0
0.5066 0.1203 0.8552 0.5068 0.1205 0.8554 0
0.9068 0.2105 0.3746 0.9070 0.2107 0.3748 0
0.3496 0.1550 0.8803 0.3498 0.1552 0.8805 0
0.7483 0.0998 0.6230 0.7485 0.1000 0.6232 0
0.3191 0.8926 0.3213 0.3193 0.8928 0.3215 0
0.7776 0.1564 0.6727 0.7778 0.1566 0.6729 0
0.3145 0.3987 0.7890 0.3147 0.3989 0.7892 0
0.7777 0.6345 0.0508 0.7779 0.6347 0.0510 0
0.3256 0.0532 0.9999 0.3258 0.0534 1.0001 0
0.0297 0.8378 0.6929 0.0299 0.8380 0.6931 0
0.2543 0.1225 0.9999 0.2545 0.1227 1.0001 0
0.1298 0.4530 0.9552 0.1300 0.4532 0.9554 0
0.1533 0.4305 0.9166 0.1535 0.4307 0.9168 0
0.6139 0.3051 0.6047 0.6141 0.3053 0.6049 0
0.0611 0.7846 0.6824 0.0613 0.7848 0.6826 0
0.4067 0.3738 0.7865 0.4069 0.3740 0.7867 0
0.9322 0.3191 0.2531 0.9324 0.3193 0.2533 0
0.1680 0.0823 0.9999 0.1682 0.0825 1.0001 0
0.8339 0.3857 0.3812 0.8341 0.3859 0.3814 0
0.6760 0.7091 0.0983 0.6762 0.7093 0.0985 0
0.0799 0.9146 0.4229 0.0801 0.9148 0.4231 0
0.9732 0.0086 0.4415 0.9734 0.0088 0.4417 0
0.7130 0.5140 0.3716 0.7132 0.5142 0.3718 0
0.6714 0.2931 0.5373 0.6716 0.2933 0.5375 0
0.2157 0.4757 0.8386 0.2159 0.4759 0.8388 0
0.2690 0.9170 0.2876 0.2692 0.9172 0.2878 0
0.4867 0.2265 0.7445 0.4869 0.2267 0.7447 0
0.6554 0.7777 0.0897 0.6556 0.7779 0.0899 0
0.9243 0.4888 0.1330 0.9245 0.4890 0.1332 0
0.8699 0.0525 0.5650 0.8701 0.0527 0.5652 0
0.2988 0.4495 0.6956 0.2990 0.4497 0.6958 0
0.1161 0.8487 0.5515 0.1163 0.8489 0.5517 0
0.7762 0.2074 0.6036 0.7764 0.2076 0.6038 0
0.8259 0.3594 0.2540 0.8261 0.3596 0.2542 0
0.3539 0.6544 0.4926 0.3541 0.6546 0.4928 0
0.9442 0.1419 0.4144 0.9444 0.1421 0.4146 0
0.8502 0.0791 0.5879 0.8504 0.0793 0.5881 0
0.5367 0.4596 0.5668 0.5369 0.4598 0.5670 0
0.7134 0.5695 0.2507 0.7136 0.5697 0.2509 0
0.1694 0.2016 0.9999 0.1696 0.2018 1.0001 0
0.8253 0.6299 0.0557 0.8255 0.6301 0.0559 0
0.3971 0.0587 0.9999 0.3973 0.0589 1.0001 0
0.8465 0.1785 0.4912 0.8467 0.1787 0.4914 0
0.0387 0.9905 0.5415 0.0389 0.9907 0.5417 0
0.7987 0.6289 0.0719 0.7989 0.6291 0.0721 0
0.4412 0.0258 0.9999 0.4414 0.0260 1.0001 0
0.5078 0.6556 0.3382 0.5080 0.6558 0.3384 0
0.4515 0.8545 0.2361 0.4517 0.8547 0.2363 0
0.9662 0.1760 0.3068 0.9664 0.1762 0.3070 0
0.3773 0.5343 0.6313 0.3775 0.5345 0.6315 0
0.0121 0.8101 0.6846 0.0123 0.8103 0.6848 0
0.8388 0.3588 0.2090 0.8390 0.3590 0.2092 0
0.0157 0.6672 0.7520 0.0159 0.6674 0.7522 0
0.4181 0.4807 0.5259 0.4183 0.4809 0.5261 0
0.8073 0.0314 0.5803 0.8075 0.0316 0.5805 0
0.1267 0.7681 0.6863 0.1269 0.7683 0.6865 0
0.2534 0.7271 0.5689 0.2536 0.7273 0.5691 0
0.8460 0.3203 0.3104 0.8462 0.3205 0.3106 0
0.1592 0.8971 0.3877 0.1594 0.8973 0.3879 0
0.3841 0.5529 0.7082 0.3843 0.5531 0.7084 0
0.7922 0.1284 0.5755 0.7924 0.1286 0.5757 0
0.3313 0.4279 0.7073 0.3315 0.4281 0.7075 0
0.6383 0.3349 0.5011 0.6385 0.3351 0.5013 0
0.0975 0.1409 0.9999 0.0977 0.1411 1.0001 0
0.6013 0.2649 0.6030 0.6015 0.2651 0.6032 0
0.6301 0.1677 0.7508 0.6303 0.1679 0.7510 0
0.9269 0.2504 0.3660 0.9271 0.2506 0.3662 0
0.2607 0.0471 0.9999 0.2609 0.0473 1.0001 0
0.3750 0.4352 0.7028 0.3752 0.4354 0.7030 0
0.6656 0.4018 0.3948 0.6658 0.4020 0.3950 0
0.1748 0.0162 0.9999 0.1750 0.0164 1.0001 0
0.3990 0.5862 0.5573 0.3992 0.5864 0.5575 0
0.6514 0.8085 0.0151 0.6516 0.8087 0.0153 0
0.7414 0.7054 0.0257 0.7416 0.7056 0.0259 0
0.8630 0.3809 0.2131 0.8632 0.3811 0.2133 0
0.9416 0.2645 0.2596 0.9418 0.2647 0.2598 0
0.1168 0.1789 0.9999 0.1170 0.1791 1.0001 0
0.8178 0.3358 0.3867 0.8180 0.3360 0.3869 0
0.3717 0.5941 0.6605 0.3719 0.5943 0.6607 0
0.8118 0.0230 0.6700 0.8120 0.0232 0.6702 0
0.9518 0.5682 0.0432 0.9520 0.5684 0.0434 0
0.4474 0.7583 0.3434 0.4476 0.7585 0.3436 0
0.7434 0.6647 0.1583 0.7436 0.6649 0.1585 0
0.8122 0.5370 0.1635 0.8124 0.5372 0.1637 0
0.8016 0.7269 0.0669 0.8018 0.7271 0.0671 0
0.6207 0.0195 0.8959 0.6209 0.0197 0.8961 0
0.8529 0.5790 0.0289 0.8531 0.5792 0.0291 0
0.0838 0.2409 0.9999 0.0840 0.2411 1.0001 0
0.8856 0.0889 0.5643 0.8858 0.0891 0.5645 0
0.6884 0.0449 0.7527 0.6886 0.0451 0.7529 0
0.3561 0.8584 0.3207 0.3563 0.8586 0.3209 0
0.5096 0.4494 0.5129 0.5098 0.4496 0.5131 0
0.1485 0.6256 0.6833 0.1487 0.6258 0.6835 0
0.2191 0.2811 0.9999 0.2193 0.2813 1.0001 0
0.7861 0.4356 0.2183 0.7863 0.4358 0.2185 0
0.8476 0.2755 0.3778 0.8478 0.2757 0.3780 0
0.1050 0.1295 0.9999 0.1052 0.1297 1.0001 0
0.6117 0.2840 0.5863 0.6119 0.2842 0.5865 0
0.0482 0.5526 0.9491 0.0484 0.5528 0.9493 0
0.3887 0.2562 0.8299 0.3889 0.2564 0.8301 0
0.9833 0.3506 0.1491 0.9835 0.3508 0.1493 0
0.1152 0.4845 0.9100 0.1154 0.4847 0.9102 0
0.9313 0.1573 0.3732 0.9315 0.1575 0.3734 0
0.0209 0.1135 0.9999 0.0211 0.1137 1.0001 0
0.8905 0.5941 0.0865 0.8907 0.5943 0.0867 0
0.9810 0.0312 0.3613 0.9812 0.0314 0.3615 0
0.5924 0.3141 0.6294 0.5926 0.3143 0.6296 0
0.8947 0.1675 0.3727 0.8949 0.1677 0.3729 0
0.2590 0.9481 0.3132 0.2592 0.9483 0.3134 0
0.8460 0.1744 0.4755 0.8462 0.1746 0.4757 0
0.9999 0.5012 0.0648 1.0001 0.5014 0.0650 0
0.6630 0.8687 0.0345 0.6632 0.8689 0.0347 0
0.6105 0.6680 0.2343 0.6107 0.6682 0.2345 0
0.4712 0.9908 0.0322 0.4714 0.9910 0.0324 0
0.4830 0.9096 0.0450 0.4832 0.9098 0.0452 0
0.1371 0.9910 0.3962 0.1373 0.9912 0.3964 0
0.0821 0.6916 0.6278 0.0823 0.6918 0.6280 0
0.4197 0.8605 0.2666 0.4199 0.8607 0.2668 0
0.7610 0.1128 0.4910 0.7612 0.1130 0.4912 0
0.4119 0.3401 0.6954 0.4121 0.3403 0.6956 0
0.2123 0.7624 0.5940 0.2125 0.7626 0.5942 0
0.5899 0.3585 0.4751 0.5901 0.3587 0.4753 0
0.3728 0.8418 0.3517 0.3730 0.8420 0.3519 0
0.9239 0.5759 0.0445 0.9241 0.5761 0.0447 0
0.4702 0.4456 0.6114 0.4704 0.4458 0.6116 0
0.4134 0.5588 0.4554 0.4136 0.5590 0.4556 0
0.6693 0.1445 0.6650 0.6695 0.1447 0.6652 0
0.1987 0.6420 0.6867 0.1989 0.6422 0.6869 0
0.3980 0.3872 0.7925 0.3982 0.3874 0.7927 0
0.3196 0.7547 0.3980 0.3198 0.7549 0.3982 0
0.5895 0.3622 0.5206 0.5897 0.3624 0.5208 0
0.7262 0.6602 0.1082 0.7264 0.6604 0.1084 0
0.1540 0.2698 0.9999 0.1542 0.2700 1.0001 0
0.9416 0.3650 0.1907 0.9418 0.3652 0.1909 0
0.2313 0.1888 0.9714 0.2315 0.1890 0.9716 0
0.5743 0.7778 0.0167 0.5745 0.7780 0.0169 0
0.4733 0.8220 0.1504 0.4735 0.8222 0.1506 0
0.7178 0.4492 0.3391 0.7180 0.4494 0.3393 0
0.4637 0.8473 0.2379 0.4639 0.8475 0.2381 0
0.8003 0.6329 0.0170 0.8005 0.6331 0.0172 0
0.8701 0.2212 0.4484 0.8703 0.2214 0.4486 0
0.0061 0.4669 0.9999 0.0063 0.4671 1.0001 0
0.6034 0.0788 0.7624 0.6036 0.0790 0.7626 0
0.8280 0.2036 0.4955 0.8282 0.2038 0.4957 0
0.9005 0.4645 0.1520 0.9007 0.4647 0.1522 0
0.5307 0.9615 0.1324 0.5309 0.9617 0.1326 0
0.5994 0.0679 0.7703 0.5996 0.0681 0.7705 0
0.8617 0.2552 0.4100 0.8619 0.2554 0.4102 0
0.6567 0.8629 0.0250 0.6569 0.8631 0.0252 0
0.0183 0.8878 0.4294 0.0185 0.8880 0.4296 0
0.7480 0.0091 0.7654 0.7482 0.0093 0.7656 0
0.6669 0.5686 0.1898 0.6671 0.5688 0.1900 0
0.1458 0.6816 0.6453 0.1460 0.6818 0.6455 0
0.4479 0.5203 0.5567 0.4481 0.5205 0.5569 0
0.2525 0.3345 0.9841 0.2527 0.3347 0.9843 0
0.3090 0.0924 0.9999 0.3092 0.0926 1.0001 0
0.5906 0.7760 0.1966 0.5908 0.7762 0.1968 0
0.4250 0.3763 0.6688 0.4252 0.3765 0.6690 0
0.7883 0.3761 0.3459 0.7885 0.3763 0.3461 0
0.0388 0.0085 0.9999 0.0390 0.0087 1.0001 0
0.4862 0.2668 0.7843 0.4864 0.2670 0.7845 0
0.1196 0.1746 0.9999 0.1198 0.1748 1.0001 0
0.5444 0.0281 0.9578 0.5446 0.0283 0.9580 0
0.2777 0.9777 0.2177 0.2779 0.9779 0.2179 0
0.2604 0.2130 0.9999 0.2606 0.2132 1.0001 0
0.1397 0.6353 0.7350 0.1399 0.6355 0.7352 0
0.0341 0.2599 0.9999 0.0343 0.2601 1.0001 0
0.3697 0.1671 0.9914 0.3699 0.1673 0.9916 0
0.0671 0.6799 0.7570 0.0673 0.6801 0.7572 0
0.8425 0.2656 0.3763 0.8427 0.2658 0.3765 0
0.1708 0.9215 0.4037 0.1710 0.9217 0.4039 0
0.1944 0.3108 0.9944 0.1946 0.3110 0.9946 0
0.7394 0.7674 0.0379 0.7396 0.7676 0.0381 0
0.8031 0.0033 0.5945 0.8033 0.0035 0.5947 0
0.8330 0.3057 0.4245 0.8332 0.3059 0.4247 0
0.8280 0.1041 0.5985 0.8282 0.1043 0.5987 0
0.9308 0.4845 0.0274 0.9310 0.4847 0.0276 0
0.3669 0.9382 0.1599 0.3671 0.9384 0.1601 0
0.1125 0.2856 0.9999 0.1127 0.2858 1.0001 0
0.3938 0.4061 0.7985 0.3940 0.4063 0.7987 0
0.5459 0.1756 0.7780 0.5461 0.1758 0.7782 0
0.9262 0.4671 0.1007 0.9264 0.4673 0.1009 0
0.4118 0.4694 0.5640 0.4120 0.4696 0.5642 0
0.4469 0.5185 0.5309 0.4471 0.5187 0.5311 0
0.7631 0.5521 0.2404 0.7633 0.5523 0.2406 0
0.8861 0.0006 0.5611 0.8863 0.0008 0.5613 0
0.6660 0.6864 0.1631 0.6662 0.6866 0.1633 0
0.0366 0.3784 0.9999 0.0368 0.3786 1.0001 0
0.8474 0.0220 0.6334 0.8476 0.0222 0.6336 0
0.4018 0.3138 0.7662 0.4020 0.3140 0.7664 0
0.6557 0.7055 0.2364 0.6559 0.7057 0.2366 0
0.2253 0.6526 0.6081 0.2255 0.6528 0.6083 0
0.8226 0.6417 0.0425 0.8228 0.6419 0.0427 0
0.6418 0.6700 0.2507 0.6420 0.6702 0.2509 0
0.4536 0.6647 0.3782 0.4538 0.6649 0.3784 0
0.9168 0.4711 0.1490 0.9170 0.4713 0.1492 0
0.1308 0.2639 0.9999 0.1310 0.2641 1.0001 0
0.9384 0.2422 0.2610 0.9386 0.2424 0.2612 0
0.5723 0.6843 0.3392 0.5725 0.6845 0.3394 0
0.8924 0.1867 0.4681 0.8926 0.1869 0.4683 0
0.7305 0.0003 0.7876 0.7307 0.0005 0.7878 0
0.4278 0.9432 0.0727 0.4280 0.9434 0.0729 0
0.3704 0.7935 0.3672 0.3706 0.7937 0.3674 0
0.3439 0.8202 0.3015 0.3441 0.8204 0.3017 0
0.8897 0.4703 0.0198 0.8899 0.4705 0.0200 0
0.1012 0.5680 0.8786 0.1014 0.5682 0.8788 0
0.1684 0.3427 0.9999 0.1686 0.3429 1.0001 0
0.9947 0.2372 0.2583 0.9949 0.2374 0.2585 0
0.1240 0.7101 0.6695 0.1242 0.7103 0.6697 0
0.6878 0.6667 0.1614 0.6880 0.6669 0.1616 0
0.8302 0.3374 0.3059 0.8304 0.3376 0.3061 0
0.4512 0.8396 0.1536 0.4514 0.8398 0.1538 0
0.5144 0.6994 0.2967 0.5146 0.6996 0.2969 0
0.5530 0.4690 0.3693 0.5532 0.4692 0.3695 0
0.7005 0.6912 0.0692 0.7007 0.6914 0.0694 0
0.6902 0.4780 0.3313 0.6904 0.4782 0.3315 0
0.0882 0.0409 0.9999 0.0884 0.0411 1.0001 0
0.8309 0.0332 0.6322 0.8311 0.0334 0.6324 0
0.3023 0.0353 0.9999 0.3025 0.0355 1.0001 0
0.3364 0.4811 0.6379 0.3366 0.4813 0.6381 0
0.6659 0.1503 0.6972 0.6661 0.1505 0.6974 0
0.2380 0.6431 0.6029 0.2382 0.6433 0.6031 0
0.2227 0.9456 0.4318 0.2229 0.9458 0.4320 0
0.0734 0.7261 0.6448 0.0736 0.7263 0.6450 0
0.0427 0.7804 0.6322 0.0429 0.7806 0.6324 0
0.7295 0.6175 0.1276 0.7297 0.6177 0.1278 0
0.1780 0.1240 0.9999 0.1782 0.1242 1.0001 0
0.4745 0.8569 0.1791 0.4747 0.8571 0.1793 0
0.3385 0.6107 0.5951 0.3387 0.6109 0.5953 0
0.2396 0.3667 0.9299 0.2398 0.3669 0.9301 0
0.9875 0.0312 0.4609 0.9877 0.0314 0.4611 0
0.6008 0.3092 0.5862 0.6010 0.3094 0.5864 0
0.4364 0.4992 0.5832 0.4366 0.4994 0.5834 0
0.4871 0.0991 0.8848 0.4873 0.0993 0.8850 0
0.4442 0.1177 0.8417 0.4444 0.1179 0.8419 0
0.5161 0.5124 0.4187 0.5163 0.5126 0.4189 0
0.7359 0.2362 0.5438 0.7361 0.2364 0.5440 0
0.9095 0.4448 0.1925 0.9097 0.4450 0.1927 0
0.0263 0.7340 0.7906 0.0265 0.7342 0.7908 0
0.4291 0.7825 0.2813 0.4293 0.7827 0.2815 0
0.1983 0.5986 0.7020 0.1985 0.5988 0.7022 0
0.4774 0.7570 0.2091 0.4776 0.7572 0.2093 0
0.1293 0.3613 0.9999 0.1295 0.3615 1.0001 0
0.1240 0.6497 0.7185 0.1242 0.6499 0.7187 0
0.8187 0.4562 0.3295 0.8189 0.4564 0.3297 0
0.0719 0.7394 0.7585 0.0721 0.7396 0.7587 0
0.5926 0.1671 0.7720 0.5928 0.1673 0.7722 0
0.0085 0.8680 0.5951 0.0087 0.8682 0.5953 0
0.7177 0.3376 0.5361 0.7179 0.3378 0.5363 0
0.1376 0.0681 0.9999 0.1378 0.0683 1.0001 0
0.7042 0.4650 0.2950 0.7044 0.4652 0.2952 0
0.1140 0.7550 0.6091 0.1142 0.7552 0.6093 0
0.4949 0.8731 0.1854 0.4951 0.8733 0.1856 0
0.2439 0.7369 0.4919 0.2441 0.7371 0.4921 0
0.1859 0.0278 0.9999 0.1861 0.0280 1.0001 0
0.1189 0.4994 0.8744 0.1191 0.4996 0.8746 0
0.3755 0.2952 0.9281 0.3757 0.2954 0.9283 0
0.0801 0.2018 0.9999 0.0803 0.2020 1.0001 0
0.1363 0.0373 0.9999 0.1365 0.0375 1.0001 0
0.8509 0.2741 0.3752 0.8511 0.2743 0.3754 0
0.2411 0.8251 0.4081 0.2413 0.8253 0.4083 0
0.2619 0.9604 0.2375 0.2621 0.9606 0.2377 0
0.4936 0.0973 0.9688 0.4938 0.0975 0.9690 0
0.5751 0.7604 0.1594 0.5753 0.7606 0.1596 0
0.2924 0.6877 0.4806 0.2926 0.6879 0.4808 0
0.8791 0.3151 0.3208 0.8793 0.3153 0.3210 0
0.6438 0.7519 0.0245 0.6440 0.7521 0.0247 0
0.8018 0.3761 0.3887 0.8020 0.3763 0.3889 0
0.7844 0.6489 0.0058 0.7846 0.6491 0.0060 0
0.0083 0.2696 0.9999 0.0085 0.2698 1.0001 0
0.0755 0.2218 0.9999 0.0757 0.2220 1.0001 1
0.5858 0.7303 0.2280 0.5860 0.7305 0.2282 1
0.2604 0.2052 0.9999 0.2606 0.2054 1.0001 1
0.4868 0.6916 0.2848 0.4870 0.6918 0.2850 1
0.8614 0.1769 0.4281 0.8616 0.1771 0.4283 1
0.2961 0.4124 0.8064 0.2963 0.4126 0.8066 1
0.5395 0.0313 0.9191 0.5397 0.0315 0.9193 1
0.0822 0.0133 0.9999 0.0824 0.0135 1.0001 1
0.6923 0.0187 0.7866 0.6925 0.0189 0.7868 1
0.8666 0.5388 0.1113 0.8668 0.5390 0.1115 1
0.0330 0.4268 0.9999 0.0332 0.4270 1.0001 1
0.9405 0.0210 0.4779 0.9407 0.0212 0.4781 1
0.1862 0.4833 0.8973 0.1864 0.4835 0.8975 1
0.7762 0.0059 0.7389 0.7764 0.0061 0.7391 1
0.0700 0.4740 0.9850 0.0702 0.4742 0.9852 1
0.1598 0.3247 0.9999 0.1600 0.3249 1.0001 1
0.4704 0.1576 0.8568 0.4706 0.1578 0.8570 1
0.0270 0.1572 0.9999 0.0272 0.1574 1.0001 1
0.2947 0.3060 0.8523 0.2949 0.3062 0.8525 1
0.2254 0.9883 0.3170 0.2256 0.9885 0.3172 1
0.5359 0.1653 0.7505 0.5361 0.1655 0.7507 1
0.3166 0.7305 0.4311 0.3168 0.7307 0.4313 1
0.6702 0.5286 0.3071 0.6704 0.5288 0.3073 1
0.8220 0.0102 0.6779 0.8222 0.0104 0.6781 1
0.2715 0.3332 0.9164 0.2717 0.3334 0.9166 1
0.7062 0.5368 0.2773 0.7064 0.5370 0.2775 1
0.6485 0.4810 0.4406 0.6487 0.4812 0.4408 1
0.1797 0.5594 0.7941 0.1799 0.5596 0.7943 1
0.0771 0.5198 0.9289 0.0773 0.5200 0.9291 1
0.5809 0.7920 0.1567 0.5811 0.7922 0.1569 1
0.4310 0.2613 0.8376 0.4312 0.2615 0.8378 1
0.1159 0.2797 0.9999 0.1161 0.2799 1.0001 1
0.1690 0.9298 0.3302 0.1692 0.9300 0.3304 1
0.4217 0.3415 0.6767 0.4219 0.3417 0.6769 1
0.9114 0.4311 0.1495 0.9116 0.4313 0.1497 1
0.6014 0.0373 0.8879 0.6016 0.0375 0.8881 1
0.7541 0.6407 0.1054 0.7543 0.6409 0.1056 1
0.0926 0.6022 0.8177 0.0928 0.6024 0.8179 1
0.2249 0.2186 0.9999 0.2251 0.2188 1.0001 1
0.2109 0.8909 0.4412 0.2111 0.8911 0.4414 1
0.6761 0.4740 0.3252 0.6763 0.4742 0.3254 1
0.5046 0.3680 0.6872 0.5048 0.3682 0.6874 1
0.2004 0.6288 0.6370 0.2006 0.6290 0.6372 1
0.1275 0.7005 0.6896 0.1277 0.7007 0.6898 1
0.2104 0.5859 0.6568 0.2106 0.5861 0.6570 1
0.4951 0.9988 0.0161 0.4953 0.9990 0.0163 1
0.4586 0.5262 0.5192 0.4588 0.5264 0.5194 1
0.4225 0.5392 0.5477 0.4227 0.5394 0.5479 1
0.7733 0.5407 0.1978 0.7735 0.5409 0.1980 1
0.2992 0.7712 0.5075 0.2994 0.7714 0.5077 1
0.5911 0.8475 0.0361 0.5913 0.8477 0.0363 1
0.2262 0.3522 0.9229 0.2264 0.3524 0.9231 1
0.4434 0.9248 0.1951 0.4436 0.9250 0.1953 1
0.2200 0.6575 0.6844 0.2202 0.6577 0.6846 1
0.5577 0.7985 0.1152 0.5579 0.7987 0.1154 1
0.5659 0.2697 0.6821 0.5661 0.2699 0.6823 1
0.3344 0.5380 0.6861 0.3346 0.5382 0.6863 1
0.3176 0.6362 0.4762 0.3178 0.6364 0.4764 1
0.3411 0.2170 0.9388 0.3413 0.2172 0.9390 1
0.2909 0.4046 0.7629 0.2911 0.4048 0.7631 1
0.2166 0.4871 0.6779 0.2168 0.4873 0.6781 1
0.3203 0.8908 0.2512 0.3205 0.8910 0.2514 1
0.3350 0.0504 0.9999 0.3352 0.0506 1.0001 1
0.3806 0.5841 0.5024 0.3808 0.5843 0.5026 1
0.7571 0.5262 0.2433 0.7573 0.5264 0.2435 1
0.0643 0.7475 0.7900 0.0645 0.7477 0.7902 1
0.7639 0.2202 0.4515 0.7641 0.2204 0.4517 1
0.0997 0.7312 0.6503 0.0999 0.7314 0.6505 1
0.2467 0.1078 0.9999 0.2469 0.1080 1.0001 1
0.9707 0.5650 0.0068 0.9709 0.5652 0.0070 1
0.5775 0.7821 0.1357 0.5777 0.7823 0.1359 1
0.5461 0.4881 0.4810 0.5463 0.4883 0.4812 1
0.1501 0.8287 0.4695 0.1503 0.8289 0.4697 1
0.4420 0.8715 0.2148 0.4422 0.8717 0.2150 1
0.5900 0.0099 0.9083 0.5902 0.0101 0.9085 1
0.3088 0.6454 0.4698 0.3090 0.6456 0.4700 1
0.6940 0.2331 0.5886 0.6942 0.2333 0.5888 1
0.8980 0.2734 0.3245 0.8982 0.2736 0.3247 1
0.1592 0.2536 0.9999 0.1594 0.2538 1.0001 1
0.9469 0.1060 0.4111 0.9471 0.1062 0.4113 1
0.4440 0.1187 0.9999 0.4442 0.1189 1.0001 1
0.5006 0.1752 0.9066 0.5008 0.1754 0.9068 1
0.2530 0.4986 0.8467 0.2532 0.4988 0.8469 1
0.9081 0.6403 0.0466 0.9083 0.6405 0.0468 1
0.2094 0.7118 0.5828 0.2096 0.7120 0.5830 1
0.0884 0.7702 0.6329 0.0886 0.7704 0.6331 1
0.8626 0.1950 0.4927 0.8628 0.1952 0.4929 1
0.2424 0.6413 0.6162 0.2426 0.6415 0.6164 1
0.9475 0.5911 0.0022 0.9477 0.5913 0.0024 1
0.7486 0.6479 0.1667 0.7488 0.6481 0.1669 1
0.5695 0.3569 0.5687 0.5697 0.3571 0.5689 1
0.1018 0.0621 0.9999 0.1020 0.0623 1.0001 1
0.6927 0.3975 0.3740 0.6929 0.3977 0.3742 1
0.4873 0.2375 0.9293 0.4875 0.2377 0.9295 1
0.7136 0.7909 0.1096 0.7138 0.7911 0.1098 1
0.4621 0.6384 0.4247 0.4623 0.6386 0.4249 1
0.3933 0.0357 0.9999 0.3935 0.0359 1.0001 1
0.9146 0.2609 0.3327 0.9148 0.2611 0.3329 1
0.1323 0.0440 0.9999 0.1325 0.0442 1.0001 1
0.7596 0.4350 0.3740 0.7598 0.4352 0.3742 1
0.8862 0.2153 0.4533 0.8864 0.2155 0.4535 1
0.3011 0.2624 0.9006 0.3013 0.2626 0.9008 1
0.5082 0.5106 0.5003 0.5084 0.5108 0.5005 1
0.4464 0.0317 0.9999 0.4466 0.0319 1.0001 1
0.8429 0.0971 0.5206 0.8431 0.0973 0.5208 1
0.1306 0.7827 0.5694 0.1308 0.7829 0.5696 1
0.3857 0.3501 0.8935 0.3859 0.3503 0.8937 1
0.0603 0.4749 0.9256 0.0605 0.4751 0.9258 1
0.1057 0.3994 0.9999 0.1059 0.3996 1.0001 1
0.3580 0.8856 0.2267 0.3582 0.8858 0.2269 1
0.0201 0.5827 0.8917 0.0203 0.5829 0.8919 1
0.4697 0.9226 0.0844 0.4699 0.9228 0.0846 1
0.7280 0.2031 0.6236 0.7282 0.2033 0.6238 1
0.3290 0.4819 0.6672 0.3292 0.4821 0.6674 1
0.0158 0.7343 0.7623 0.0160 0.7345 0.7625 1
0.5354 0.5313 0.4531 0.5356 0.5315 0.4533 1
0.0007 0.6627 0.8203 0.0009 0.6629 0.8205 1
0.1386 0.2384 0.9999 0.1388 0.2386 1.0001 1
0.0518 0.8247 0.6130 0.0520 0.8249 0.6132 1
0.4912 0.7640 0.2867 0.4914 0.7642 0.2869 1
0.8462 0.3109 0.3204 0.8464 0.3111 0.3206 1
0.3748 0.9308 0.2428 0.3750 0.9310 0.2430 1
0.1205 0.0641 0.9999 0.1207 0.0643 1.0001 1
0.3916 0.3906 0.7632 0.3918 0.3908 0.7634 1
0.7814 0.6537 0.1414 0.7816 0.6539 0.1416 1
0.8377 0.6619 0.0444 0.8379 0.6621 0.0446 1
0.7351 0.5740 0.2668 0.7353 0.5742 0.2670 1
0.8465 0.0202 0.6283 0.8467 0.0204 0.6285 1
0.6738 0.7705 0.0807 0.6740 0.7707 0.0809 1
0.6502 0.2864 0.5049 0.6504 0.2866 0.5051 1
0.8413 0.5854 0.0269 0.8415 0.5856 0.0271 1
0.7819 0.0159 0.6845 0.7821 0.0161 0.6847 1
0.6409 0.4040 0.4510 0.6411 0.4042 0.4512 1
0.6615 0.8299 0.0563 0.6617 0.8301 0.0565 1
0.6177 0.2967 0.5821 0.6179 0.2969 0.5823 1
0.7949 0.0666 0.6490 0.7951 0.0668 0.6492 1
0.8529 0.4899 0.1346 0.8531 0.4901 0.1348 1
0.1739 0.6720 0.7271 0.1741 0.6722 0.7273 1
0.1037 0.2914 0.9999 0.1039 0.2916 1.0001 1
0.5582 0.2848 0.6369 0.5584 0.2850 0.6371 1
0.5676 0.1074 0.8066 0.5678 0.1076 0.8068 1
0.7862 0.2693 0.4540 0.7864 0.2695 0.4542 1
0.8058 0.5070 0.2118 0.8060 0.5072 0.2120 1
0.8782 0.0799 0.4910 0.8784 0.0801 0.4912 1
0.8754 0.5722 0.0884 0.8756 0.5724 0.0886 1
0.8277 0.2427 0.3368 0.8279 0.2429 0.3370 1
0.9839 0.2406 0.2948 0.9841 0.2408 0.2950 1
0.5618 0.3652 0.6040 0.5620 0.3654 0.6042 1
0.3943 0.1100 0.9999 0.3945 0.1102 1.0001 1
0.7335 0.1728 0.6653 0.7337 0.1730 0.6655 1
0.5676 0.2159 0.7481 0.5678 0.2161 0.7483 1
0.4709 0.1285 0.9056 0.4711 0.1287 0.9058 1
0.5870 0.5141 0.4759 0.5872 0.5143 0.4761 1
0.1230 0.4139 0.9453 0.1232 0.4141 0.9455 1
0.6029 0.2738 0.6899 0.6031 0.2740 0.6901 1
0.2167 0.6125 0.6974 0.2169 0.6127 0.6976 1
0.8945 0.1451 0.5416 0.8947 0.1453 0.5418 1
0.4584 0.5392 0.5470 0.4586 0.5394 0.5472 1
0.2510 0.1094 0.9999 0.2512 0.1096 1.0001 1
0.1744 0.8685 0.4806 0.1746 0.8687 0.4808 1
0.3659 0.7455 0.3173 0.3661 0.7457 0.3175 1
0.8616 0.0558 0.5839 0.8618 0.0560 0.5841 1
0.6555 0.4433 0.4206 0.6557 0.4435 0.4208 1
0.2565 0.6638 0.5719 0.2567 0.6640 0.5721 1
0.3959 0.1649 0.9192 0.3961 0.1651 0.9194 1
0.2739 0.4881 0.7340 0.2741 0.4883 0.7342 1
0.3889 0.3357 0.8016 0.3891 0.3359 0.8018 1
0.2254 0.2595 0.9999 0.2256 0.2597 1.0001 1
0.4352 0.3681 0.6908 0.4354 0.3683 0.6910 1
0.2982 0.1005 0.9999 0.2984 0.1007 1.0001 1
0.0484 0.1292 0.9999 0.0486 0.1294 1.0001 1
0.5451 0.4060 0.5852 0.5453 0.4062 0.5854 1
0.3339 0.3577 0.7514 0.3341 0.3579 0.7516 1
0.3369 0.5611 0.5713 0.3371 0.5613 0.5715 1
0.7261 0.3417 0.4509 0.7263 0.3419 0.4511 1
0.8341 0.1461 0.4976 0.8343 0.1463 0.4978 1
0.2069 0.9797 0.2813 0.2071 0.9799 0.2815 1
0.0862 0.2882 0.9999 0.0864 0.2884 1.0001 1
0.2715 0.3257 0.9479 0.2717 0.3259 0.9481 1
0.8139 0.0671 0.6200 0.8141 0.0673 0.6202 1
0.6213 0.6977 0.1267 0.6215 0.6979 0.1269 1
0.8401 0.2946 0.3424 0.8403 0.2948 0.3426 1
0.0092 0.7894 0.6941 0.0094 0.7896 0.6943 1
0.6174 0.6001 0.2159 0.6176 0.6003 0.2161 1
0.2146 0.1752 0.9999 0.2148 0.1754 1.0001 1
0.7394 0.5224 0.2231 0.7396 0.5226 0.2233 1
0.3030 0.0248 0.9999 0.3032 0.0250 1.0001 1
0.4066 0.5375 0.6525 0.4068 0.5377 0.6527 1
0.8474 0.0357 0.6028 0.8476 0.0359 0.6030 1
0.8698 0.0316 0.6084 0.8700 0.0318 0.6086 1
0.0926 0.0053 0.9999 0.0928 0.0055 1.0001 1
0.1471 0.8421 0.5113 0.1473 0.8423 0.5115 1
0.4040 0.7733 0.2872 0.4042 0.7735 0.2874 1
0.3930 0.5496 0.5746 0.3932 0.5498 0.5748 1
0.6449 0.4977 0.3904 0.6451 0.4979 0.3906 1
0.4465 0.9148 0.1635 0.4467 0.9150 0.1637 1
0.5210 0.1806 0.8317 0.5212 0.1808 0.8319 1
0.0267 0.6683 0.7539 0.0269 0.6685 0.7541 1
0.5077 0.6979 0.2474 0.5079 0.6981 0.2476 1
0.3286 0.9187 0.2744 0.3288 0.9189 0.2746 1
0.6967 0.5681 0.2031 0.6969 0.5683 0.2033 1
0.6956 0.0198 0.7937 0.6958 0.0200 0.7939 1
0.8309 0.2411 0.3654 0.8311 0.2413 0.3656 1
0.2390 0.1814 0.9999 0.2392 0.1816 1.0001 1
0.0462 0.3113 0.9999 0.0464 0.3115 1.0001 1
0.8553 0.3333 0.3654 0.8555 0.3335 0.3656 1
0.6556 0.1251 0.7372 0.6558 0.1253 0.7374 1
0.7396 0.4067 0.3894 0.7398 0.4069 0.3896 1
0.2103 0.4526 0.8314 0.2105 0.4528 0.8316 1
0.0139 0.2920 0.9999 0.0141 0.2922 1.0001 1
0.1012 0.2842 0.9999 0.1014 0.2844 1.0001 1
0.3839 0.4147 0.6954 0.3841 0.4149 0.6956 1
0.8890 0.6394 0.0190 0.8892 0.6396 0.0192 1
0.6849 0.0954 0.7412 0.6851 0.0956 0.7414 1
0.6902 0.5685 0.2204 0.6904 0.5687 0.2206 1
0.6522 0.7250 0.0775 0.6524 0.7252 0.0777 1
0.6230 0.0165 0.8480 0.6232 0.0167 0.8482 1
0.7952 0.3401 0.3327 0.7954 0.3403 0.3329 1
0.9477 0.0539 0.3823 0.9479 0.0541 0.3825 1
0.7020 0.8141 0.0270 0.7022 0.8143 0.0272 1
0.5040 0.4085 0.4916 0.5042 0.4087 0.4918 1
0.2287 0.7061 0.5282 0.2289 0.7063 0.5284 1
0.5730 0.0703 0.8393 0.5732 0.0705 0.8395 1
0.4876 0.9071 0.1349 0.4878 0.9073 0.1351 1
0.9214 0.5866 0.0278 0.9216 0.5868 0.0280 1
0.5505 0.9148 0.0229 0.5507 0.9150 0.0231 1
0.4148 0.1944 0.9264 0.4150 0.1946 0.9266 1
0.6274 0.4810 0.4092 0.6276 0.4812 0.4094 1
0.4844 0.2317 0.7330 0.4846 0.2319 0.7332 1
0.2566 0.1334 0.9999 0.2568 0.1336 1.0001 1
0.2797 0.5764 0.6801 0.2799 0.5766 0.6803 1
0.8087 0.2499 0.4009 0.8089 0.2501 0.4011 1
0.7809 0.4190 0.2797 0.7811 0.4192 0.2799 1
0.3079 0.4073 0.7720 0.3081 0.4075 0.7722 1
0.3993 0.0744 0.9681 0.3995 0.0746 0.9683 1
0.8165 0.1185 0.5835 0.8167 0.1187 0.5837 1
0.4863 0.5661 0.4693 0.4865 0.5663 0.4695 1
0.0822 0.6705 0.7857 0.0824 0.6707 0.7859 1
0.4292 0.5936 0.4402 0.4294 0.5938 0.4404 1
0.9126 0.0267 0.6134 0.9128 0.0269 0.6136 1
0.5007 0.1792 0.8091 0.5009 0.1794 0.8093 1
0.6844 0.5462 0.3084 0.6846 0.5464 0.3086 1
0.8909 0.5366 0.1015 0.8911 0.5368 0.1017 1
0.4193 0.0717 0.9999 0.4195 0.0719 1.0001 1
0.9153 0.3098 0.2430 0.9155 0.3100 0.2432 1
0.0215 0.2442 0.9999 0.0217 0.2444 1.0001 1
0.9901 0.2030 0.3433 0.9903 0.2032 0.3435 1
0.6900 0.0504 0.7562 0.6902 0.0506 0.7564 1
0.3279 0.0947 0.9999 0.3281 0.0949 1.0001 1
0.3833 0.3369 0.7844 0.3835 0.3371 0.7846 1
0.5442 0.4748 0.4050 0.5444 0.4750 0.4052 1
0.2084 0.0424 0.9999 0.2086 0.0426 1.0001 1
0.8184 0.1508 0.6418 0.8186 0.1510 0.6420 1
0.2240 0.4931 0.7723 0.2242 0.4933 0.7725 1
0.2944 0.8787 0.3016 0.2946 0.8789 0.3018 1
0.2558 0.5273 0.7806 0.2560 0.5275 0.7808 1
0.8277 0.1096 0.4952 0.8279 0.1098 0.4954 1
0.4810 0.1974 0.8656 0.4812 0.1976 0.8658 1
0.3631 0.3307 0.8332 0.3633 0.3309 0.8334 1
0.3530 0.3689 0.7764 0.3532 0.3691 0.7766 1
0.0644 0.4987 0.9855 0.0646 0.4989 0.9857 1
0.6833 0.5203 0.2404 0.6835 0.5205 0.2406 1
0.1552 0.5613 0.7647 0.1554 0.5615 0.7649 1
0.2649 0.8044 0.5214 0.2651 0.8046 0.5216 1
0.1390 0.7609 0.6359 0.1392 0.7611 0.6361 1
0.2559 0.0492 0.9999 0.2561 0.0494 1.0001 1
0.0952 0.7027 0.7428 0.0954 0.7029 0.7430 1
0.0255 0.3563 0.9999 0.0257 0.3565 1.0001 1
0.3119 0.1733 0.9840 0.3121 0.1735 0.9842 1
0.7612 0.2418 0.5217 0.7614 0.2420 0.5219 1
0.7037 0.6030 0.1680 0.7039 0.6032 0.1682 1
0.2592 0.2507 0.9226 0.2594 0.2509 0.9228 1
0.3012 0.1922 0.9999 0.3014 0.1924 1.0001 1
0.9537 0.2473 0.2768 0.9539 0.2475 0.2770 1
0.0594 0.5493 0.8486 0.0596 0.5495 0.8488 1
0.7760 0.4548 0.3085 0.7762 0.4550 0.3087 1
0.5329 0.4979 0.4155 0.5331 0.4981 0.4157 1
0.8258 0.4193 0.2328 0.8260 0.4195 0.2330 1
0.4582 0.0720 0.9034 0.4584 0.0722 0.9036 1
0.4975 0.8011 0.1963 0.4977 0.8013 0.1965 1
0.5349 0.5006 0.5192 0.5351 0.5008 0.5194 1
0.2299 0.2142 0.9999 0.2301 0.2144 1.0001 1
0.7310 0.1127 0.6464 0.7312 0.1129 0.6466 1
0.8769 0.3804 0.3115 0.8771 0.3806 0.3117 1
0.5183 0.8267 0.1995 0.5185 0.8269 0.1997 1
0.3829 0.9086 0.2944 0.3831 0.9088 0.2946 1
0.7533 0.0317 0.7395 0.7535 0.0319 0.7397 1
0.6501 0.3868 0.5219 0.6503 0.3870 0.5221 1
0.9039 0.3508 0.2132 0.9041 0.3510 0.2134 1
0.8826 0.3476 0.2803 0.8828 0.3478 0.2805 1
0.7062 0.5612 0.2160 0.7064 0.5614 0.2162 1
0.4549 0.4680 0.6193 0.4551 0.4682 0.6195 1
0.9288 0.4547 0.1078 0.9290 0.4549 0.1080 1
0.8355 0.6621 0.0477 0.8357 0.6623 0.0479 1
0.9248 0.5608 0.0377 0.9250 0.5610 0.0379 1
0.4949 0.5589 0.4246 0.4951 0.5591 0.4248 1
0.3988 0.6326 0.5051 0.3990 0.6328 0.5053 1
0.2581 0.8847 0.3536 0.2583 0.8849 0.3538 1
0.4590 0.0262 0.9999 0.4592 0.0264 1.0001 1
0.5811 0.1219 0.8136 0.5813 0.1221 0.8138 1
0.5756 0.1950 0.7462 0.5758 0.1952 0.7464 1
0.2006 0.2963 0.9999 0.2008 0.2965 1.0001 1
0.1570 0.0603 0.9999 0.1572 0.0605 1.0001 1
0.7149 0.7561 0.0245 0.7151 0.7563 0.0247 1
0.9075 0.0382 0.4942 0.9077 0.0384 0.4944 1
0.2760 0.6741 0.4933 0.2762 0.6743 0.4935 1
0.9488 0.3690 0.2204 0.9490 0.3692 0.2206 1
0.7282 0.2733 0.4979 0.7284 0.2735 0.4981 1
0.1558 0.7293 0.5540 0.1560 0.7295 0.5542 1
0.1870 0.9509 0.4012 0.1872 0.9511 0.4014 1
0.6692 0.6321 0.1847 0.6694 0.6323 0.1849 1
0.9807 0.0759 0.4854 0.9809 0.0761 0.4856 1
0.6084 0.5271 0.4192 0.6086 0.5273 0.4194 1
0.4475 0.7239 0.2774 0.4477 0.7241 0.2776 1
0.3443 0.4251 0.7487 0.3445 0.4253 0.7489 1
0.4147 0.6390 0.4800 0.4149 0.6392 0.4802 1
0.4666 0.1317 0.8639 0.4668 0.1319 0.8641 1
0.3295 0.4982 0.6782 0.3297 0.4984 0.6784 1
0.5427 0.4603 0.5350 0.5429 0.4605 0.5352 1
0.4935 0.2534 0.7903 0.4937 0.2536 0.7905 1
0.8858 0.6116 0.0555 0.8860 0.6118 0.0557 1
0.4497 0.5780 0.4348 0.4499 0.5782 0.4350 1
0.3066 0.4472 0.6630 0.3068 0.4474 0.6632 1
0.8144 0.5087 0.2154 0.8146 0.5089 0.2156 1
0.1239 0.9878 0.4316 0.1241 0.9880 0.4318 1
0.3560 0.9351 0.2820 0.3562 0.9353 0.2822 1
0.4423 0.3217 0.7354 0.4425 0.3219 0.7356 1
0.7277 0.1877 0.6164 0.7279 0.1879 0.6166 1
0.9708 0.2647 0.1770 0.9710 0.2649 0.1772 1
0.9277 0.3235 0.1717 0.9279 0.3237 0.1719 1
0.2573 0.8898 0.3931 0.2575 0.8900 0.3933 1
0.3574 0.2970 0.8547 0.3576 0.2972 0.8549 1
0.3625 0.2325 0.7717 0.3627 0.2327 0.7719 1
0.1995 0.5647 0.7594 0.1997 0.5649 0.7596 1
0.5947 0.0864 0.8796 0.5949 0.0866 0.8798 1
0.3143 0.8881 0.2995 0.3145 0.8883 0.2997 1
0.9438 0.3982 0.1089 0.9440 0.3984 0.1091 1
0.5556 0.4193 0.4537 0.5558 0.4195 0.4539 1
0.1759 0.4757 0.8476 0.1761 0.4759 0.8478 1
0.7861 0.3309 0.3386 0.7863 0.3311 0.3388 1
0.6374 0.4974 0.3764 0.6376 0.4976 0.3766 1
0.2028 0.5544 0.7684 0.2030 0.5546 0.7686 1
0.9754 0.3103 0.2050 0.9756 0.3105 0.2052 1
0.4892 0.3633 0.6562 0.4894 0.3635 0.6564 1
0.4952 0.4596 0.4788 0.4954 0.4598 0.4790 1
0.1269 0.5115 0.8975 0.1271 0.5117 0.8977 1
0.9124 0.5461 0.0588 0.9126 0.5463 0.0590 1
0.0093 0.9113 0.5779 0.0095 0.9115 0.5781 1
0.5586 0.6020 0.2549 0.5588 0.6022 0.2551 1
0.2094 0.5680 0.7204 0.2096 0.5682 0.7206 1
0.7973 0.3241 0.3576 0.7975 0.3243 0.3578 1
0.6582 0.5459 0.2737 0.6584 0.5461 0.2739 1
0.6128 0.7020 0.1235 0.6130 0.7022 0.1237 1
0.0687 0.5805 0.9104 0.0689 0.5807 0.9106 1
0.4782 0.2865 0.7783 0.4784 0.2867 0.7785 1
0.0124 0.4808 0.9588 0.0126 0.4810 0.9590 1
0.7077 0.1557 0.5566 0.7079 0.1559 0.5568 1
0.3710 0.3553 0.6820 0.3712 0.3555 0.6822 1
0.5259 0.0406 0.9617 0.5261 0.0408 0.9619 1
0.7860 0.2638 0.4380 0.7862 0.2640 0.4382 1
0.9387 0.2345 0.3330 0.9389 0.2347 0.3332 1
0.4705 0.6770 0.4800 0.4707 0.6772 0.4802 1
0.0740 0.3217 0.9999 0.0742 0.3219 1.0001 1
0.4324 0.8665 0.2355 0.4326 0.8667 0.2357 1
0.4376 0.5432 0.5617 0.4378 0.5434 0.5619 1
0.8148 0.3964 0.3062 0.8150 0.3966 0.3064 1
0.5450 0.2767 0.7517 0.5452 0.2769 0.7519 1
0.5556 0.8989 0.1147 0.5558 0.8991 0.1149 1
0.0782 0.9588 0.5223 0.0784 0.9590 0.5225 1
0.4463 0.2552 0.8496 0.4465 0.2554 0.8498 1
0.2006 0.8891 0.4041 0.2008 0.8893 0.4043 1
0.6046 0.7869 0.0850 0.6048 0.7871 0.0852 1
0.5882 0.0448 0.8932 0.5884 0.0450 0.8934 1
0.2334 0.1621 0.9999 0.2336 0.1623 1.0001 1
0.4678 0.2813 0.6602 0.4680 0.2815 0.6604 1
0.6102 0.0414 0.8702 0.6104 0.0416 0.8704 1
0.9464 0.4334 0.1071 0.9466 0.4336 0.1073 1
0.5917 0.4313 0.4296 0.5919 0.4315 0.4298 1
0.2543 0.8882 0.3707 0.2545 0.8884 0.3709 1
0.0998 0.9106 0.5747 0.1000 0.9108 0.5749 1
0.9586 0.4313 0.1192 0.9588 0.4315 0.1194 1
0.3650 0.1571 0.9798 0.3652 0.1573 0.9800 1
0.5675 0.6562 0.1853 0.5677 0.6564 0.1855 1
0.9979 0.3594 0.2167 0.9981 0.3596 0.2169 1
0.5893 0.4383 0.4818 0.5895 0.4385 0.4820 1
0.4225 0.1362 0.9621 0.4227 0.1364 0.9623 1
0.0239 0.3795 0.9999 0.0241 0.3797 1.0001 1
0.8138 0.4599 0.2324 0.8140 0.4601 0.2326 1
0.8352 0.2675 0.3698 0.8354 0.2677 0.3700 1
0.7895 0.5513 0.1558 0.7897 0.5515 0.1560 1
0.0223 0.4781 0.9999 0.0225 0.4783 1.0001 1
0.9270 0.0693 0.4468 0.9272 0.0695 0.4470 1
0.8577 0.5304 0.1720 0.8579 0.5306 0.1722 1
0.5123 0.3060 0.6279 0.5125 0.3062 0.6281 1
0.4578 0.3279 0.6840 0.4580 0.3281 0.6842 1
0.3796 0.3537 0.7167 0.3798 0.3539 0.7169 1
0.8155 0.4754 0.2441 0.8157 0.4756 0.2443 1
0.8310 0.3460 0.3214 0.8312 0.3462 0.3216 1
0.1263 0.6202 0.7857 0.1265 0.6204 0.7859 1
0.0085 0.8123 0.6190 0.0087 0.8125 0.6192 1
0.7818 0.1894 0.5181 0.7820 0.1896 0.5183 1
0.6484 0.6217 0.1630 0.6486 0.6219 0.1632 1
0.6637 0.1102 0.7894 0.6639 0.1104 0.7896 1
0.3041 0.3140 0.8931 0.3043 0.3142 0.8933 1
0.4339 0.5314 0.4560 0.4341 0.5316 0.4562 1
0.1196 0.7940 0.5993 0.1198 0.7942 0.5995 1
0.1827 0.6124 0.6496 0.1829 0.6126 0.6498 1
0.8209 0.1914 0.4778 0.8211 0.1916 0.4780 1
0.3938 0.1519 0.9668 0.3940 0.1521 0.9670 1
0.6399 0.1780 0.7776 0.6401 0.1782 0.7778 1
0.1474 0.4390 0.9999 0.1476 0.4392 1.0001 1
0.1406 0.0740 0.9999 0.1408 0.0742 1.0001 1
0.4848 0.3394 0.5945 0.4850 0.3396 0.5947 1
0.2546 0.5478 0.7145 0.2548 0.5480 0.7147 1
0.4145 0.2836 0.8055 0.4147 0.2838 0.8057 1
0.6976 0.6405 0.1700 0.6978 0.6407 0.1702 1
0.4942 0.8742 0.0961 0.4944 0.8744 0.0963 1
0.6531 0.0577 0.8977 0.6533 0.0579 0.8979 1
0.3561 0.6004 0.5231 0.3563 0.6006 0.5233 1
0.5382 0.1729 0.8034 0.5384 0.1731 0.8036 1
0.2846 0.8885 0.2842 0.2848 0.8887 0.2844 1
0.4329 0.9370 0.0957 0.4331 0.9372 0.0959 1
0.1977 0.4196 0.8764 0.1979 0.4198 0.8766 1
0.1636 0.1513 0.9999 0.1638 0.1515 1.0001 1
0.8141 0.3192 0.3153 0.8143 0.3194 0.3155 1
0.4469 0.2020 0.8448 0.4471 0.2022 0.8450 1
0.8802 0.7070 0.0437 0.8804 0.7072 0.0439 1
0.4666 0.6623 0.3162 0.4668 0.6625 0.3164 1
0.4001 0.8985 0.2702 0.4003 0.8987 0.2704 1
0.2896 0.0194 0.9999 0.2898 0.0196 1.0001 1
0.3423 0.8560 0.2831 0.3425 0.8562 0.2833 1
0.1249 0.0594 0.9999 0.1251 0.0596 1.0001 1
0.3139 0.0834 0.9999 0.3141 0.0836 1.0001 1
0.1755 0.7619 0.5915 0.1757 0.7621 0.5917 1
0.3860 0.7625 0.3717 0.3862 0.7627 0.3719 1
0.8686 0.3373 0.3268 0.8688 0.3375 0.3270 1
0.8206 0.2394 0.4628 0.8208 0.2396 0.4630 1
0.7331 0.5637 0.2231 0.7333 0.5639 0.2233 1
0.8538 0.2897 0.4151 0.8540 0.2899 0.4153 1
0.9272 0.4652 0.1157 0.9274 0.4654 0.1159 1
0.9791 0.3754 0.0693 0.9793 0.3756 0.0695 1
0.1542 0.8373 0.4836 0.1544 0.8375 0.4838 1
0.8669 0.4135 0.2394 0.8671 0.4137 0.2396 1
0.2572 0.4626 0.8592 0.2574 0.4628 0.8594 1
0.0003 0.0981 0.9999 0.0005 0.0983 1.0001 1
0.6504 0.1531 0.6789 0.6506 0.1533 0.6791 1
0.4270 0.6593 0.3817 0.4272 0.6595 0.3819 1
0.0623 0.7833 0.6861 0.0625 0.7835 0.6863 1
0.6092 0.8619 0.0368 0.6094 0.8621 0.0370 1
0.5155 0.6586 0.3553 0.5157 0.6588 0.3555 1
0.3882 0.2333 0.9999 0.3884 0.2335 1.0001 1
0.9193 0.4591 0.0638 0.9195 0.4593 0.0640 1
0.0440 0.1118 0.9999 0.0442 0.1120 1.0001 1
0.4138 0.4866 0.5378 0.4140 0.4868 0.5380 1
0.7971 0.5875 0.1087 0.7973 0.5877 0.1089 1
0.3436 0.7246 0.3744 0.3438 0.7248 0.3746 1
0.8700 0.2194 0.4458 0.8702 0.2196 0.4460 1
0.8153 0.2556 0.3915 0.8155 0.2558 0.3917 1
0.1342 0.4731 0.8741 0.1344 0.4733 0.8743 1
0.1029 0.5874 0.8116 0.1031 0.5876 0.8118 1
0.9690 0.3705 0.2098 0.9692 0.3707 0.2100 1
0.0927 0.8459 0.6120 0.0929 0.8461 0.6122 1
0.9933 0.0022 0.4626 0.9935 0.0024 0.4628 1
0.1430 0.4537 0.9102 0.1432 0.4539 0.9104 1
0.1603 0.1900 0.9999 0.1605 0.1902 1.0001 1
0.6086 0.3219 0.5391 0.6088 0.3221 0.5393 1
0.1383 0.5845 0.6806 0.1385 0.5847 0.6808 1
0.0444 0.9712 0.5185 0.0446 0.9714 0.5187 1
0.2050 0.7849 0.5215 0.2052 0.7851 0.5217 1
0.4208 0.2443 0.8886 0.4210 0.2445 0.8888 1
0.1248 0.8313 0.4787 0.1250 0.8315 0.4789 1
0.2077 0.9006 0.3853 0.2079 0.9008 0.3855 1
0.8124 0.4089 0.3156 0.8126 0.4091 0.3158 1
0.5507 0.4278 0.4543 0.5509 0.4280 0.4545 1
0.6824 0.7008 0.0805 0.6826 0.7010 0.0807 1
0.2231 0.4110 0.9403 0.2233 0.4112 0.9405 1
0.1716 0.4557 0.8494 0.1718 0.4559 0.8496 1
0.1596 0.6106 0.6687 0.1598 0.6108 0.6689 1
0.5196 0.0862 0.9628 0.5198 0.0864 0.9630 1
0.0111 0.9260 0.5600 0.0113 0.9262 0.5602 1
0.3189 0.9692 0.1230 0.3191 0.9694 0.1232 1
0.5802 0.0291 0.9365 0.5804 0.0293 0.9367 1
0.5456 0.5495 0.3382 0.5458 0.5497 0.3384 1
0.3433 0.1874 0.9999 0.3435 0.1876 1.0001 1
0.4275 0.3780 0.6795 0.4277 0.3782 0.6797 1
0.4382 0.0371 0.9896 0.4384 0.0373 0.9898 1
0.8880 0.3580 0.3257 0.8882 0.3582 0.3259 1
0.6202 0.5627 0.4078 0.6204 0.5629 0.4080 1
0.3731 0.9783 0.1285 0.3733 0.9785 0.1287 1
0.7668 0.1001 0.6020 0.7670 0.1003 0.6022 1
0.5906 0.1941 0.7062 0.5908 0.1943 0.7064 1
0.5765 0.9644 0.0659 0.5767 0.9646 0.0661 1
0.9411 0.2738 0.2556 0.9413 0.2740 0.2558 1
0.7785 0.0535 0.7252 0.7787 0.0537 0.7254 1
0.8813 0.1285 0.5335 0.8815 0.1287 0.5337 1
0.2005 0.3604 0.9388 0.2007 0.3606 0.9390 1
