0.0594 0.1017 0.0592 0.1015 0
0.0001 0.0001 -0.0001 -0.0001 0
0.0768 0.0982 0.0766 0.0980 0
0.0497 0.1577 0.0495 0.1575 0
0.0516 0.0001 0.0514 -0.0001 0
0.0731 0.2243 0.0729 0.2241 0
0.0846 0.1069 0.0844 0.1067 0
0.0001 0.0001 -0.0001 -0.0001 0
0.0416 0.0001 0.0414 -0.0001 0
0.0253 0.0089 0.0251 0.0087 0
0.0642 0.3924 0.0640 0.3922 0
0.0153 0.1910 0.0151 0.1908 0
0.0379 0.0579 0.0377 0.0577 0
0.1116 0.0001 0.1114 -0.0001 0
0.1872 0.0001 0.1870 -0.0001 0
0.0546 0.0404 0.0544 0.0402 0
0.1776 0.2330 0.1774 0.2328 0
0.1376 0.0631 0.1374 0.0629 0
0.0805 0.0737 0.0803 0.0735 0
0.0749 0.1209 0.0747 0.1207 0
0.2065 0.3328 0.2063 0.3326 0
0.1042 0.1665 0.1040 0.1663 0
0.0635 0.0772 0.0633 0.0770 0
0.0457 0.0001 0.0455 -0.0001 0
0.0386 0.1350 0.0384 0.1348 0
0.0983 0.0772 0.0981 0.0770 0
0.1142 0.0824 0.1140 0.0822 0
0.0342 0.0789 0.0340 0.0787 0
0.0801 0.0964 0.0799 0.0962 0
0.0642 0.3924 0.0640 0.3922 0
0.0586 0.0001 0.0584 -0.0001 0
0.0475 0.1069 0.0473 0.1067 0
0.1439 0.0807 0.1437 0.0805 0
0.0323 0.3434 0.0321 0.3432 0
0.0446 0.0001 0.0444 -0.0001 0
0.0631 0.6586 0.0629 0.6584 0
0.0486 0.1490 0.0484 0.1488 0
0.0438 0.1682 0.0436 0.1680 0
0.1164 0.0264 0.1162 0.0262 0
0.0601 0.1244 0.0599 0.1242 0
0.0490 0.1402 0.0488 0.1400 0
0.0661 0.0842 0.0659 0.0840 0
0.0286 0.0631 0.0284 0.0629 0
0.2306 0.3976 0.2304 0.3974 0
0.0875 0.0439 0.0873 0.0437 0
0.0260 0.1209 0.0258 0.1207 0
0.0249 0.0842 0.0247 0.0840 0
0.1064 0.1157 0.1062 0.1155 0
0.1442 0.0842 0.1440 0.0840 0
0.1131 0.0842 0.1129 0.0840 0
0.0379 0.1542 0.0377 0.1540 0
0.1479 0.0001 0.1477 -0.0001 0
0.1320 0.0001 0.1318 -0.0001 0
0.0420 0.1279 0.0418 0.1277 0
0.0260 0.0386 0.0258 0.0384 0
0.0364 0.1244 0.0362 0.1242 0
0.0001 0.0001 -0.0001 -0.0001 0
0.0405 0.1209 0.0403 0.1207 0
0.0557 0.1069 0.0555 0.1067 0
0.0749 0.0001 0.0747 -0.0001 0
0.1294 0.2943 0.1292 0.2941 0
0.0357 0.0001 0.0355 -0.0001 0
0.0001 0.0001 -0.0001 -0.0001 0
0.0001 0.1892 -0.0001 0.1890 0
0.1213 0.0001 0.1211 -0.0001 0
0.0001 0.0001 -0.0001 -0.0001 0
0.0149 0.0001 0.0147 -0.0001 0
0.0961 0.0842 0.0959 0.0840 0
0.0723 0.1402 0.0721 0.1400 0
0.0453 0.1017 0.0451 0.1015 0
0.1698 0.1787 0.1696 0.1785 0
0.0268 0.2050 0.0266 0.2048 0
0.0538 0.0001 0.0536 -0.0001 0
0.0271 0.0824 0.0269 0.0822 0
0.0316 0.1139 0.0314 0.1137 0
0.0131 0.1507 0.0129 0.1505 0
0.0238 0.0982 0.0236 0.0980 0
0.0564 0.0001 0.0562 -0.0001 0
0.0809 0.1682 0.0807 0.1680 0
0.0509 0.0526 0.0507 0.0524 0
0.0568 0.0001 0.0566 -0.0001 0
0.0501 0.1490 0.0499 0.1488 0
0.0001 0.0001 -0.0001 -0.0001 0
0.0001 0.1892 -0.0001 0.1890 0
0.0194 0.1209 0.0192 0.1207 0
0.0864 0.0001 0.0862 -0.0001 0
0.0001 0.0596 -0.0001 0.0594 0
0.2554 0.1455 0.2552 0.1453 0
0.0223 0.2103 0.0221 0.2101 0
0.0842 0.0001 0.0840 -0.0001 0
0.2206 0.1367 0.2204 0.1365 0
0.0297 0.0404 0.0295 0.0402 0
0.1487 0.0001 0.1485 -0.0001 0
0.0531 0.0842 0.0529 0.0840 0
0.0001 0.0001 -0.0001 -0.0001 0
0.0479 0.0526 0.0477 0.0524 0
0.1124 0.0001 0.1122 -0.0001 0
0.1087 0.0001 0.1085 -0.0001 0
0.0523 0.1770 0.0521 0.1768 0
0.0675 0.2260 0.0673 0.2258 0
0.0394 0.0001 0.0392 -0.0001 0
0.0972 0.1980 0.0970 0.1978 0
0.1565 0.2103 0.1563 0.2101 0
0.0761 0.0509 0.0759 0.0507 0
0.0127 0.1209 0.0125 0.1207 0
0.1309 0.0001 0.1307 -0.0001 0
0.0786 0.2733 0.0784 0.2731 0
0.0312 0.0001 0.0310 -0.0001 0
0.0801 0.1087 0.0799 0.1085 0
0.0516 0.0001 0.0514 -0.0001 0
0.1931 0.5885 0.1929 0.5883 0
0.1061 0.0842 0.1059 0.0840 0
0.0672 0.1139 0.0670 0.1137 0
0.0879 0.0001 0.0877 -0.0001 0
0.0001 0.0001 -0.0001 -0.0001 0
0.0334 0.0001 0.0332 -0.0001 0
0.0064 0.1595 0.0062 0.1593 0
0.1327 0.0369 0.1325 0.0367 0
0.0764 0.1069 0.0762 0.1067 0
0.0824 0.0001 0.0822 -0.0001 0
0.0768 0.0614 0.0766 0.0612 0
0.0401 0.0001 0.0399 -0.0001 0
0.0001 0.0001 -0.0001 -0.0001 0
0.1105 0.0964 0.1103 0.0962 0
0.0623 0.0001 0.0621 -0.0001 0
0.0483 0.0824 0.0481 0.0822 0
0.0968 0.0999 0.0966 0.0997 0
0.1053 0.0001 0.1051 -0.0001 0
0.1565 0.2103 0.1563 0.2101 0
0.0483 0.0631 0.0481 0.0629 0
0.0831 0.0544 0.0829 0.0542 0
0.0527 0.3188 0.0525 0.3186 0
0.0623 0.1682 0.0621 0.1680 0
0.0053 0.1402 0.0051 0.1400 0
0.1939 0.0982 0.1937 0.0980 0
0.1105 0.0001 0.1103 -0.0001 0
0.0775 0.0001 0.0773 -0.0001 0
0.0698 0.1612 0.0696 0.1610 0
0.1361 0.0001 0.1359 -0.0001 0
0.0397 0.0001 0.0395 -0.0001 0
0.0434 0.1174 0.0432 0.1172 0
0.0998 0.0176 0.0996 0.0174 0
0.0357 0.1455 0.0355 0.1453 0
0.0642 0.1700 0.0640 0.1698 0
0.0379 0.1017 0.0377 0.1015 0
0.0594 0.0947 0.0592 0.0945 0
0.0761 0.2943 0.0759 0.2941 0
0.0798 0.1577 0.0796 0.1575 0
0.0983 0.1192 0.0981 0.1190 0
0.0538 0.2698 0.0536 0.2696 0
0.0394 0.1332 0.0392 0.1330 0
0.0572 0.0001 0.0570 -0.0001 0
0.1324 0.1227 0.1322 0.1225 0
0.0390 0.1157 0.0388 0.1155 0
0.0001 0.0001 -0.0001 -0.0001 0
0.0301 0.1840 0.0299 0.1838 0
0.0772 0.0702 0.0770 0.0700 0
0.0746 0.1314 0.0744 0.1312 0
0.0879 0.0001 0.0877 -0.0001 0
0.0635 0.0001 0.0633 -0.0001 0
0.0627 0.0001 0.0625 -0.0001 0
0.0627 0.2523 0.0625 0.2521 0
0.1324 0.1314 0.1322 0.1312 0
0.1965 0.1770 0.1963 0.1768 0
0.0783 0.1174 0.0781 0.1172 0
0.1679 0.2891 0.1677 0.2889 0
0.0809 0.1174 0.0807 0.1172 0
0.1027 0.2313 0.1025 0.2311 0
0.0001 0.0001 -0.0001 -0.0001 0
0.0809 0.0054 0.0807 0.0052 0
0.0875 0.3031 0.0873 0.3029 0
0.1620 0.2015 0.1618 0.2013 0
0.0301 0.0824 0.0299 0.0822 0
0.0338 0.0894 0.0336 0.0892 0
0.0001 0.2103 -0.0001 0.2101 0
0.0001 0.0001 -0.0001 -0.0001 0
0.0812 0.2470 0.0810 0.2468 0
0.0390 0.3311 0.0388 0.3309 0
0.0001 0.0001 -0.0001 -0.0001 0
0.0001 0.0001 -0.0001 -0.0001 0
0.0327 0.1034 0.0325 0.1032 0
0.0416 0.1437 0.0414 0.1435 0
0.0516 0.0001 0.0514 -0.0001 0
0.0994 0.0001 0.0992 -0.0001 0
0.2135 0.0001 0.2133 -0.0001 0
0.0501 0.0614 0.0499 0.0612 0
0.1050 0.2978 0.1048 0.2976 0
0.0294 0.1017 0.0292 0.1015 0
0.0431 0.1262 0.0429 0.1260 0
0.0631 0.6586 0.0629 0.6584 0
0.0349 0.1805 0.0347 0.1803 0
0.0731 0.0842 0.0729 0.0840 0
0.0427 0.0824 0.0425 0.0822 0
0.0786 0.0001 0.0784 -0.0001 0
0.0194 0.0842 0.0192 0.0840 0
0.1476 0.0807 0.1474 0.0805 0
0.0394 0.0001 0.0392 -0.0001 0
0.0405 0.0001 0.0403 -0.0001 0
0.0423 0.0001 0.0421 -0.0001 0
0.1127 0.1805 0.1125 0.1803 0
0.0912 0.1840 0.0910 0.1838 0
0.1001 0.0964 0.0999 0.0962 0
0.0942 0.1892 0.0940 0.1890 0
0.1238 0.0789 0.1236 0.0787 0
0.0001 0.0001 -0.0001 -0.0001 0
0.1339 0.2243 0.1337 0.2241 0
0.0142 0.0859 0.0140 0.0857 0
0.0853 0.2540 0.0851 0.2538 0
0.0620 0.1262 0.0618 0.1260 0
0.0872 0.1314 0.0870 0.1312 0
0.2187 0.0001 0.2185 -0.0001 0
0.0657 0.1262 0.0655 0.1260 0
0.0105 0.0772 0.0103 0.0770 0
0.1227 0.0001 0.1225 -0.0001 0
0.0242 0.1332 0.0240 0.1330 0
0.0664 0.1052 0.0662 0.1050 0
0.0672 0.2313 0.0670 0.2311 0
0.0301 0.0001 0.0299 -0.0001 0
0.0905 0.1630 0.0903 0.1628 0
0.1472 0.1262 0.1470 0.1260 0
0.1131 0.1805 0.1129 0.1803 0
0.1113 0.1262 0.1111 0.1260 0
0.0449 0.0614 0.0447 0.0612 0
0.0816 0.0001 0.0814 -0.0001 0
0.0001 0.0807 -0.0001 0.0805 0
0.0372 0.1472 0.0370 0.1470 0
0.0957 0.0054 0.0955 0.0052 0
0.0579 0.1700 0.0577 0.1698 0
0.0746 0.0001 0.0744 -0.0001 0
0.0442 0.0666 0.0440 0.0664 0
0.1075 0.0649 0.1073 0.0647 0
0.0546 0.1017 0.0544 0.1015 0
0.0553 0.1244 0.0551 0.1242 0
0.0720 0.0001 0.0718 -0.0001 0
0.1357 0.0421 0.1355 0.0419 0
0.0446 0.1279 0.0444 0.1277 0
0.0383 0.1087 0.0381 0.1085 0
0.0386 0.0631 0.0384 0.0629 0
0.0001 0.0001 -0.0001 -0.0001 0
0.0223 0.0001 0.0221 -0.0001 0
0.0375 0.1420 0.0373 0.1418 0
0.0775 0.0141 0.0773 0.0139 0
0.0701 0.1332 0.0699 0.1330 0
0.0716 0.1262 0.0714 0.1260 0
0.1238 0.0001 0.1236 -0.0001 0
0.0746 0.1682 0.0744 0.1680 0
0.0579 0.0859 0.0577 0.0857 0
0.0560 0.1227 0.0558 0.1225 0
0.0653 0.0614 0.0651 0.0612 0
0.0490 0.2243 0.0488 0.2241 0
0.0001 0.0001 -0.0001 -0.0001 0
0.1576 0.0001 0.1574 -0.0001 0
0.0809 0.0001 0.0807 -0.0001 0
0.0679 0.0001 0.0677 -0.0001 0
0.0468 0.0001 0.0466 -0.0001 0
0.0001 0.0001 -0.0001 -0.0001 0
0.0568 0.0001 0.0566 -0.0001 0
0.0716 0.0999 0.0714 0.0997 0
0.0987 0.0842 0.0985 0.0840 0
0.1035 0.0001 0.1033 -0.0001 0
0.0738 0.1262 0.0736 0.1260 0
0.0227 0.1840 0.0225 0.1838 0
0.0423 0.0859 0.0421 0.0857 0
0.0712 0.1262 0.0710 0.1260 0
0.0801 0.0859 0.0799 0.0857 0
0.0531 0.5535 0.0529 0.5533 0
0.1246 0.0614 0.1244 0.0612 0
0.0586 0.1840 0.0584 0.1838 0
0.0409 0.0491 0.0407 0.0489 0
0.1316 0.0001 0.1314 -0.0001 0
0.3450 0.3241 0.3448 0.3239 0
0.0431 0.1735 0.0429 0.1733 0
0.0849 0.0001 0.0847 -0.0001 0
0.1235 0.0001 0.1233 -0.0001 0
0.0809 0.0614 0.0807 0.0612 0
0.0179 0.1227 0.0177 0.1225 0
0.0001 0.1069 -0.0001 0.1067 0
0.1216 0.1490 0.1214 0.1488 0
0.0564 0.0001 0.0562 -0.0001 0
0.0234 0.1542 0.0232 0.1540 0
0.0001 0.0001 -0.0001 -0.0001 0
0.1502 0.0842 0.1500 0.0840 0
0.0594 0.0842 0.0592 0.0840 0
0.0883 0.0001 0.0881 -0.0001 0
0.0497 0.1560 0.0495 0.1558 0
0.0049 0.0631 0.0047 0.0629 0
0.0601 0.1735 0.0599 0.1733 0
0.1127 0.0596 0.1125 0.0594 0
0.0812 0.0001 0.0810 -0.0001 0
0.1161 0.1682 0.1159 0.1680 0
0.1342 0.0001 0.1340 -0.0001 0
0.1416 0.0001 0.1414 -0.0001 0
0.0501 0.0001 0.0499 -0.0001 0
0.0186 0.0842 0.0184 0.0840 0
0.1420 0.1034 0.1418 0.1032 0
0.0738 0.1244 0.0736 0.1242 0
0.0631 0.0001 0.0629 -0.0001 0
0.1079 0.1367 0.1077 0.1365 0
0.0583 0.0001 0.0581 -0.0001 0
0.0001 0.0842 -0.0001 0.0840 0
0.0875 0.0001 0.0873 -0.0001 0
0.0375 0.1139 0.0373 0.1137 0
0.0920 0.1700 0.0918 0.1698 0
0.0379 0.2523 0.0377 0.2521 0
0.0727 0.1104 0.0725 0.1102 0
0.0809 0.1717 0.0807 0.1715 0
0.0001 0.0001 -0.0001 -0.0001 0
0.1061 0.0001 0.1059 -0.0001 0
0.1331 0.0001 0.1329 -0.0001 0
0.1350 0.1174 0.1348 0.1172 0
0.0183 0.1630 0.0181 0.1628 0
0.0627 0.0807 0.0625 0.0805 0
0.0609 0.0649 0.0607 0.0647 0
0.0171 0.1034 0.0169 0.1032 0
0.0001 0.0877 -0.0001 0.0875 0
0.0664 0.1507 0.0662 0.1505 0
0.0827 0.0001 0.0825 -0.0001 0
0.0268 0.1455 0.0266 0.1453 0
0.0672 0.0001 0.0670 -0.0001 0
0.0001 0.0001 -0.0001 -0.0001 0
0.0309 0.0159 0.0307 0.0157 0
0.0001 0.0001 -0.0001 -0.0001 0
0.0861 0.2610 0.0859 0.2608 0
0.1705 0.1507 0.1703 0.1505 0
0.0001 0.0001 -0.0001 -0.0001 0
0.0479 0.1227 0.0477 0.1225 0
0.0612 0.2138 0.0610 0.2136 0
0.0283 0.1034 0.0281 0.1032 0
0.1594 0.0754 0.1592 0.0752 0
0.1439 0.1892 0.1437 0.1890 0
0.0568 0.1192 0.0566 0.1190 0
0.0001 0.0001 -0.0001 -0.0001 0
0.0723 0.2453 0.0721 0.2451 0
0.1287 0.0649 0.1285 0.0647 0
0.0738 0.1104 0.0736 0.1102 0
0.0646 0.1227 0.0644 0.1225 0
0.1194 0.0737 0.1192 0.0735 0
0.1142 0.0001 0.1140 -0.0001 0
0.1331 0.1069 0.1329 0.1067 0
0.0635 0.2348 0.0633 0.2346 0
0.0223 0.2225 0.0221 0.2223 0
0.5818 0.3048 0.5816 0.3046 0
0.0835 0.0001 0.0833 -0.0001 0
0.0679 0.0001 0.0677 -0.0001 0
0.0731 0.1542 0.0729 0.1540 0
0.0520 0.1507 0.0518 0.1505 0
0.0653 0.0001 0.0651 -0.0001 0
0.0001 0.0001 -0.0001 -0.0001 0
0.0912 0.1297 0.0910 0.1295 0
0.1027 0.1472 0.1025 0.1470 0
0.0838 0.0001 0.0836 -0.0001 0
0.0516 0.0001 0.0514 -0.0001 0
0.0001 0.0001 -0.0001 -0.0001 0
0.0227 0.1069 0.0225 0.1067 0
0.0594 0.0807 0.0592 0.0805 0
0.0409 0.1682 0.0407 0.1680 0
0.1368 0.0001 0.1366 -0.0001 0
0.1653 0.0824 0.1651 0.0822 0
0.1494 0.1052 0.1492 0.1050 0
0.1157 0.0842 0.1155 0.0840 0
0.1268 0.0439 0.1266 0.0437 0
0.0490 0.0842 0.0488 0.0840 0
0.0301 0.0439 0.0299 0.0437 0
0.0268 0.1192 0.0266 0.1190 0
0.1183 0.0001 0.1181 -0.0001 0
0.0497 0.0947 0.0495 0.0945 0
0.0453 0.1472 0.0451 0.1470 0
0.0453 0.1192 0.0451 0.1190 0
0.0779 0.0001 0.0777 -0.0001 0
0.0001 0.0001 -0.0001 -0.0001 0
0.0179 0.1262 0.0177 0.1260 0
0.0001 0.0001 -0.0001 -0.0001 0
0.0927 0.3118 0.0925 0.3116 0
0.3313 0.0001 0.3311 -0.0001 0
0.0661 0.1367 0.0659 0.1365 0
0.0709 0.1752 0.0707 0.1750 0
0.0220 0.1490 0.0218 0.1488 0
0.0142 0.1244 0.0140 0.1242 0
0.1009 0.0001 0.1007 -0.0001 0
0.1513 0.0001 0.1511 -0.0001 0
0.0542 0.0001 0.0540 -0.0001 0
0.1854 0.2891 0.1852 0.2889 0
0.0001 0.0001 -0.0001 -0.0001 0
0.0312 0.0316 0.0310 0.0314 0
0.0627 0.3574 0.0625 0.3572 0
0.0497 0.0596 0.0495 0.0594 0
0.0805 0.1332 0.0803 0.1330 0
0.0001 0.1682 -0.0001 0.1680 0
0.0497 0.0001 0.0495 -0.0001 0
0.0620 0.0001 0.0618 -0.0001 0
0.1672 0.0001 0.1670 -0.0001 0
0.0205 0.1017 0.0203 0.1015 0
0.0598 0.0631 0.0596 0.0629 0
0.0349 0.1927 0.0347 0.1925 0
0.0001 0.1052 -0.0001 0.1050 0
0.0001 0.0159 -0.0001 0.0157 0
0.0372 0.0702 0.0370 0.0700 0
0.0390 0.2803 0.0388 0.2801 0
0.0386 0.1385 0.0384 0.1383 0
0.0838 0.0001 0.0836 -0.0001 0
0.0364 0.1472 0.0362 0.1470 0
0.0494 0.0001 0.0492 -0.0001 0
0.1020 0.0001 0.1018 -0.0001 0
0.0416 0.0001 0.0414 -0.0001 0
0.0635 0.1157 0.0633 0.1155 0
0.0549 0.1402 0.0547 0.1400 0
0.0575 0.1139 0.0573 0.1137 0
0.0779 0.1927 0.0777 0.1925 0
0.0323 0.0649 0.0321 0.0647 0
0.0912 0.0334 0.0910 0.0332 0
0.0375 0.0842 0.0373 0.0840 0
0.1476 0.0001 0.1474 -0.0001 0
0.0472 0.1069 0.0470 0.1067 0
0.0712 0.1262 0.0710 0.1260 0
0.0764 0.1069 0.0762 0.1067 0
0.1316 0.0894 0.1314 0.0892 0
0.0001 0.0807 -0.0001 0.0805 0
0.1227 0.0001 0.1225 -0.0001 0
0.2439 0.0001 0.2437 -0.0001 0
0.0305 0.1122 0.0303 0.1120 0
0.0431 0.1542 0.0429 0.1540 0
0.1361 0.0421 0.1359 0.0419 0
0.0175 0.1279 0.0173 0.1277 0
0.0001 0.0001 -0.0001 -0.0001 0
0.0246 0.0001 0.0244 -0.0001 0
0.0490 0.0001 0.0488 -0.0001 0
0.0397 0.2033 0.0395 0.2031 0
0.0446 0.0001 0.0444 -0.0001 0
0.0890 0.3206 0.0888 0.3204 0
0.1894 0.0772 0.1892 0.0770 0
0.0727 0.0421 0.0725 0.0419 0
0.1342 0.1472 0.1340 0.1470 0
0.0045 0.1017 0.0043 0.1015 0
0.0401 0.0001 0.0399 -0.0001 0
0.1461 0.2523 0.1459 0.2521 0
0.0735 0.1262 0.0733 0.1260 0
0.0283 0.0001 0.0281 -0.0001 0
0.0223 0.1052 0.0221 0.1050 0
0.0186 0.1017 0.0184 0.1015 0
0.2009 0.2733 0.2007 0.2731 0
0.0994 0.1017 0.0992 0.1015 0
0.1339 0.0631 0.1337 0.0629 0
0.2254 0.0789 0.2252 0.0787 0
0.0512 0.0947 0.0510 0.0945 0
0.1116 0.2733 0.1114 0.2731 0
0.0646 0.0001 0.0644 -0.0001 0
0.1950 0.6323 0.1948 0.6321 0
0.0861 0.0001 0.0859 -0.0001 0
0.0312 0.0001 0.0310 -0.0001 0
0.0468 0.0509 0.0466 0.0507 0
0.0364 0.0842 0.0362 0.0840 0
0.1075 0.1052 0.1073 0.1050 0
0.1176 0.1262 0.1174 0.1260 0
0.0735 0.3311 0.0733 0.3309 0
0.0253 0.0001 0.0251 -0.0001 0
0.1476 0.1665 0.1474 0.1663 0
0.0420 0.2015 0.0418 0.2013 0
0.2272 0.0001 0.2270 -0.0001 0
0.1024 0.1052 0.1022 0.1050 0
0.1679 0.0001 0.1677 -0.0001 0
0.0601 0.0001 0.0599 -0.0001 0
0.0001 0.1350 -0.0001 0.1348 0
0.0360 0.0929 0.0358 0.0927 0
0.0679 0.2400 0.0677 0.2398 0
0.0616 0.0859 0.0614 0.0857 0
0.0090 0.0001 0.0088 -0.0001 0
0.0894 0.1262 0.0892 0.1260 0
0.0001 0.0001 -0.0001 -0.0001 0
0.1605 0.0001 0.1603 -0.0001 0
0.0894 0.0001 0.0892 -0.0001 0
0.0112 0.0001 0.0110 -0.0001 0
0.0583 0.1069 0.0581 0.1067 0
0.0601 0.1717 0.0599 0.1715 0
0.0442 0.0001 0.0440 -0.0001 0
0.0935 0.0001 0.0933 -0.0001 0
0.0294 0.1157 0.0292 0.1155 0
0.1183 0.1262 0.1181 0.1260 0
0.0397 0.0789 0.0395 0.0787 0
0.1872 0.1262 0.1870 0.1260 0
0.0842 0.1262 0.0840 0.1260 0
0.0990 0.2803 0.0988 0.2801 0
0.0531 0.1017 0.0529 0.1015 0
0.0001 0.0001 -0.0001 -0.0001 0
0.0416 0.0001 0.0414 -0.0001 0
0.0338 0.0737 0.0336 0.0735 0
0.0001 0.0001 -0.0001 -0.0001 0
0.0520 0.0824 0.0518 0.0822 0
0.0661 0.0789 0.0659 0.0787 0
0.0938 0.0001 0.0936 -0.0001 0
0.1105 0.0737 0.1103 0.0735 0
0.0653 0.0001 0.0651 -0.0001 0
0.1027 0.0001 0.1025 -0.0001 0
0.0457 0.0719 0.0455 0.0717 0
0.0231 0.0001 0.0229 -0.0001 0
0.1272 0.1017 0.1270 0.1015 0
0.0001 0.0001 -0.0001 -0.0001 0
0.0409 0.0001 0.0407 -0.0001 0
0.1138 0.0631 0.1136 0.0629 0
0.0338 0.1052 0.0336 0.1050 0
0.0397 0.0001 0.0395 -0.0001 0
0.0864 0.1682 0.0862 0.1680 0
0.1450 0.0001 0.1448 -0.0001 0
0.0990 0.1262 0.0988 0.1260 0
0.0312 0.3223 0.0310 0.3221 0
0.0423 0.0947 0.0421 0.0945 0
0.0783 0.1174 0.0781 0.1172 0
0.0683 0.2103 0.0681 0.2101 0
0.0186 0.1472 0.0184 0.1470 0
0.0342 0.1227 0.0340 0.1225 0
0.1720 0.1525 0.1718 0.1523 0
0.1072 0.0001 0.1070 -0.0001 0
0.0472 0.3714 0.0470 0.3712 0
0.1253 0.0001 0.1251 -0.0001 0
0.0427 0.0807 0.0425 0.0805 0
0.1394 0.0912 0.1392 0.0910 0
0.0353 0.1192 0.0351 0.1190 0
0.0479 0.0001 0.0477 -0.0001 0
0.0579 0.0001 0.0577 -0.0001 0
0.1509 0.0596 0.1507 0.0594 0
0.0598 0.0001 0.0596 -0.0001 0
0.1702 0.0001 0.1700 -0.0001 0
0.0983 0.1945 0.0981 0.1943 0
0.0968 0.2348 0.0966 0.2346 0
0.0001 0.0001 -0.0001 -0.0001 0
0.1027 0.2120 0.1025 0.2118 0
0.0627 0.0001 0.0625 -0.0001 0
0.0512 0.0001 0.0510 -0.0001 0
0.0483 0.0001 0.0481 -0.0001 0
0.0698 0.0001 0.0696 -0.0001 0
0.0924 0.1892 0.0922 0.1890 0
0.0364 0.1017 0.0362 0.1015 0
0.0001 0.0001 -0.0001 -0.0001 0
0.0990 0.0001 0.0988 -0.0001 0
0.1213 0.4012 0.1211 0.4010 0
0.0449 0.1332 0.0447 0.1330 0
0.1439 0.0684 0.1437 0.0682 0
0.0001 0.0001 -0.0001 -0.0001 0
0.0761 0.0001 0.0759 -0.0001 0
0.0998 0.0404 0.0996 0.0402 0
0.3076 0.0001 0.3074 -0.0001 0
0.1153 0.0001 0.1151 -0.0001 0
0.0887 0.1262 0.0885 0.1260 0
0.0727 0.0281 0.0725 0.0279 0
0.0661 0.1087 0.0659 0.1085 0
0.0672 0.0772 0.0670 0.0770 0
0.1187 0.0789 0.1185 0.0787 0
0.0368 0.1262 0.0366 0.1260 0
0.2772 0.1139 0.2770 0.1137 0
0.0353 0.1437 0.0351 0.1435 0
0.0612 0.3206 0.0610 0.3204 0
0.0001 0.1192 -0.0001 0.1190 0
0.0898 0.0001 0.0896 -0.0001 0
0.1713 0.0001 0.1711 -0.0001 0
0.0134 0.0001 0.0132 -0.0001 0
0.0857 0.1052 0.0855 0.1050 0
0.0575 0.1192 0.0573 0.1190 0
0.0612 0.0001 0.0610 -0.0001 0
0.0386 0.0001 0.0384 -0.0001 0
0.0368 0.1787 0.0366 0.1785 0
0.0568 0.2033 0.0566 0.2031 0
0.0460 0.1770 0.0458 0.1768 0
0.0594 0.1962 0.0592 0.1960 0
0.0883 0.1595 0.0881 0.1593 0
0.0249 0.1209 0.0247 0.1207 0
0.0605 0.0001 0.0603 -0.0001 0
0.0753 0.0036 0.0751 0.0034 0
0.0457 0.3328 0.0455 0.3326 0
0.0316 0.0001 0.0314 -0.0001 0
0.0761 0.1069 0.0759 0.1067 0
0.0653 0.0614 0.0651 0.0612 0
0.0642 0.3171 0.0640 0.3169 0
0.0735 0.1367 0.0733 0.1365 0
0.0305 0.1787 0.0303 0.1785 0
0.1724 0.1034 0.1722 0.1032 0
0.0575 0.1612 0.0573 0.1610 0
0.0727 0.2033 0.0725 0.2031 0
0.0957 0.0054 0.0955 0.0052 0
0.0438 0.0947 0.0436 0.0945 0
0.1113 0.1892 0.1111 0.1890 0
0.1231 0.0001 0.1229 -0.0001 0
0.0898 0.1279 0.0896 0.1277 0
0.0820 0.1612 0.0818 0.1610 0
0.0505 0.1034 0.0503 0.1032 0
0.0001 0.0001 -0.0001 -0.0001 0
0.1116 0.1087 0.1114 0.1085 0
0.0494 0.1385 0.0492 0.1383 0
0.0001 0.0001 -0.0001 -0.0001 0
0.1539 0.2103 0.1537 0.2101 0
0.0601 0.1244 0.0599 0.1242 0
0.0312 0.1087 0.0310 0.1085 0
0.0190 0.1034 0.0188 0.1032 0
0.0727 0.1472 0.0725 0.1470 0
0.0872 0.1577 0.0870 0.1575 0
0.0931 0.0001 0.0929 -0.0001 0
0.0083 0.1892 0.0081 0.1890 0
0.1653 0.1962 0.1651 0.1960 0
0.0690 0.0754 0.0688 0.0752 0
0.1346 0.1595 0.1344 0.1593 0
0.0323 0.0001 0.0321 -0.0001 0
0.1561 0.0001 0.1559 -0.0001 0
0.0627 0.0772 0.0625 0.0770 0
0.0101 0.1805 0.0099 0.1803 0
0.0246 0.0421 0.0244 0.0419 0
0.1246 0.1262 0.1244 0.1260 0
0.0575 0.0001 0.0573 -0.0001 0
0.0342 0.0631 0.0340 0.0629 0
0.0623 0.0001 0.0621 -0.0001 0
0.1424 0.0001 0.1422 -0.0001 0
0.1324 0.0456 0.1322 0.0454 0
0.0809 0.1279 0.0807 0.1277 0
0.0790 0.0001 0.0788 -0.0001 0
0.0486 0.0001 0.0484 -0.0001 0
0.0001 0.0001 -0.0001 -0.0001 0
0.0194 0.0912 0.0192 0.0910 0
0.0742 0.0001 0.0740 -0.0001 0
0.0735 0.2243 0.0733 0.2241 0
0.1042 0.0614 0.1040 0.0612 0
0.0301 0.1122 0.0299 0.1120 0
0.0553 0.0001 0.0551 -0.0001 0
0.0279 0.1157 0.0277 0.1155 0
0.0246 0.0421 0.0244 0.0419 0
0.0927 0.2610 0.0925 0.2608 0
0.0520 0.0001 0.0518 -0.0001 0
0.0223 0.1665 0.0221 0.1663 0
0.0375 0.1542 0.0373 0.1540 0
0.1802 0.0001 0.1800 -0.0001 0
0.0183 0.1875 0.0181 0.1873 0
0.0505 0.0001 0.0503 -0.0001 0
0.0427 0.0001 0.0425 -0.0001 0
0.0723 0.1139 0.0721 0.1137 0
0.0001 0.0001 -0.0001 -0.0001 0
0.0842 0.0999 0.0840 0.0997 0
0.0372 0.1034 0.0370 0.1032 0
0.0286 0.0807 0.0284 0.0805 0
0.0753 0.0859 0.0751 0.0857 0
0.0761 0.0439 0.0759 0.0437 0
0.0846 0.1122 0.0844 0.1120 0
0.0616 0.0929 0.0614 0.0927 0
0.0790 0.2908 0.0788 0.2906 0
0.0735 0.0194 0.0733 0.0192 0
0.0542 0.0001 0.0540 -0.0001 0
0.0579 0.1209 0.0577 0.1207 0
0.0616 0.1017 0.0614 0.1015 0
0.3491 0.0001 0.3489 -0.0001 0
0.0342 0.0579 0.0340 0.0577 0
0.0472 0.0789 0.0470 0.0787 0
0.0809 0.0001 0.0807 -0.0001 0
0.2065 0.0649 0.2063 0.0647 0
0.0716 0.0649 0.0714 0.0647 0
0.0931 0.1052 0.0929 0.1050 0
0.0271 0.1209 0.0269 0.1207 0
0.0735 0.3889 0.0733 0.3887 0
0.0379 0.2085 0.0377 0.2083 0
0.0709 0.1752 0.0707 0.1750 0
0.1698 0.0001 0.1696 -0.0001 0
0.0357 0.0807 0.0355 0.0805 0
0.0890 0.1017 0.0888 0.1015 0
0.0316 0.1507 0.0314 0.1505 1
0.0242 0.0001 0.0240 -0.0001 1
0.0327 0.2365 0.0325 0.2363 1
0.0775 0.1192 0.0773 0.1190 1
0.0538 0.3364 0.0536 0.3362 1
0.0216 0.1157 0.0214 0.1155 1
0.0208 0.0001 0.0206 -0.0001 1
0.0186 0.1665 0.0184 0.1663 1
0.0309 0.0561 0.0307 0.0559 1
0.0527 0.1174 0.0525 0.1172 1
0.1705 0.0929 0.1703 0.0927 1
0.0401 0.0421 0.0399 0.0419 1
0.0001 0.0001 -0.0001 -0.0001 1
0.0001 0.0807 -0.0001 0.0805 1
0.0001 0.0001 -0.0001 -0.0001 1
0.0205 0.0526 0.0203 0.0524 1
0.0201 0.1244 0.0199 0.1242 1
0.0194 0.1437 0.0192 0.1435 1
0.0001 0.0001 -0.0001 -0.0001 1
0.0153 0.0737 0.0151 0.0735 1
0.0990 0.0807 0.0988 0.0805 1
0.0364 0.1822 0.0362 0.1820 1
0.0375 0.1665 0.0373 0.1663 1
0.0620 0.0964 0.0618 0.0962 1
0.0716 0.1822 0.0714 0.1820 1
0.0434 0.0001 0.0432 -0.0001 1
0.0664 0.0001 0.0662 -0.0001 1
0.0405 0.3048 0.0403 0.3046 1
0.1135 0.2926 0.1133 0.2924 1
0.0686 0.0001 0.0684 -0.0001 1
0.1246 0.0491 0.1244 0.0489 1
0.0964 0.0404 0.0962 0.0402 1
0.1290 0.1892 0.1288 0.1890 1
0.0557 0.0964 0.0555 0.0962 1
0.0975 0.1472 0.0973 0.1470 1
0.0661 0.0001 0.0659 -0.0001 1
0.0512 0.1139 0.0510 0.1137 1
0.0401 0.1314 0.0399 0.1312 1
0.0116 0.1087 0.0114 0.1085 1
0.0312 0.0369 0.0310 0.0367 1
0.0875 0.0001 0.0873 -0.0001 1
0.0609 0.0807 0.0607 0.0805 1
0.0938 0.0614 0.0936 0.0612 1
0.0349 0.1875 0.0347 0.1873 1
0.0312 0.0737 0.0310 0.0735 1
0.1238 0.1472 0.1236 0.1470 1
0.0616 0.2260 0.0614 0.2258 1
0.0216 0.0474 0.0214 0.0472 1
0.0045 0.0001 0.0043 -0.0001 1
0.0509 0.1157 0.0507 0.1155 1
0.0353 0.0001 0.0351 -0.0001 1
0.1083 0.1069 0.1081 0.1067 1
0.0001 0.0001 -0.0001 -0.0001 1
0.4725 0.0999 0.4723 0.0997 1
0.0646 0.1787 0.0644 0.1785 1
0.0449 0.0001 0.0447 -0.0001 1
0.0001 0.0001 -0.0001 -0.0001 1
0.0412 0.1385 0.0410 0.1383 1
0.0405 0.1314 0.0403 0.1312 1
0.0683 0.0631 0.0681 0.0629 1
0.0598 0.1892 0.0596 0.1890 1
0.0120 0.0596 0.0118 0.0594 1
0.0001 0.0001 -0.0001 -0.0001 1
0.0720 0.0001 0.0718 -0.0001 1
0.0001 0.0001 -0.0001 -0.0001 1
0.0001 0.0001 -0.0001 -0.0001 1
0.1361 0.0947 0.1359 0.0945 1
0.0942 0.0982 0.0940 0.0980 1
0.0105 0.0631 0.0103 0.0629 1
0.0523 0.0631 0.0521 0.0629 1
0.0779 0.0001 0.0777 -0.0001 1
0.0442 0.0299 0.0440 0.0297 1
0.0375 0.1665 0.0373 0.1663 1
0.0394 0.0964 0.0392 0.0962 1
0.0564 0.1104 0.0562 0.1102 1
0.0349 0.1262 0.0347 0.1260 1
0.0416 0.1139 0.0414 0.1137 1
0.0783 0.0001 0.0781 -0.0001 1
0.0234 0.1507 0.0232 0.1505 1
0.0483 0.0001 0.0481 -0.0001 1
0.0757 0.0001 0.0755 -0.0001 1
0.0864 0.0001 0.0862 -0.0001 1
0.1761 0.2068 0.1759 0.2066 1
0.0698 0.1052 0.0696 0.1050 1
0.0223 0.0386 0.0221 0.0384 1
0.1153 0.0001 0.1151 -0.0001 1
0.0546 0.1420 0.0544 0.1418 1
0.0397 0.1805 0.0395 0.1803 1
0.0887 0.1314 0.0885 0.1312 1
0.0853 0.0001 0.0851 -0.0001 1
0.0001 0.0001 -0.0001 -0.0001 1
0.0320 0.1700 0.0318 0.1698 1
0.0001 0.0001 -0.0001 -0.0001 1
0.1476 0.1437 0.1474 0.1435 1
0.1468 0.1052 0.1466 0.1050 1
0.0642 0.0596 0.0640 0.0594 1
0.0868 0.0001 0.0866 -0.0001 1
0.0746 0.0474 0.0744 0.0472 1
0.1190 0.0001 0.1188 -0.0001 1
0.1161 0.0001 0.1159 -0.0001 1
0.0475 0.2943 0.0473 0.2941 1
0.0001 0.0001 -0.0001 -0.0001 1
0.0557 0.1157 0.0555 0.1155 1
0.0075 0.0824 0.0073 0.0822 1
0.0472 0.1560 0.0470 0.1558 1
0.0635 0.3276 0.0633 0.3274 1
0.0160 0.1367 0.0158 0.1365 1
0.0257 0.0001 0.0255 -0.0001 1
0.1057 0.2453 0.1055 0.2451 1
0.0375 0.0001 0.0373 -0.0001 1
0.0768 0.1192 0.0766 0.1190 1
0.0194 0.1034 0.0192 0.1032 1
0.0290 0.2138 0.0288 0.2136 1
0.0775 0.0877 0.0773 0.0875 1
0.0790 0.0894 0.0788 0.0892 1
0.0838 0.0001 0.0836 -0.0001 1
0.0297 0.1472 0.0295 0.1470 1
0.0649 0.2103 0.0647 0.2101 1
0.1176 0.1244 0.1174 0.1242 1
0.0938 0.1052 0.0936 0.1050 1
0.0383 0.0001 0.0381 -0.0001 1
0.0568 0.2225 0.0566 0.2223 1
0.0642 0.1612 0.0640 0.1610 1
0.0086 0.0439 0.0084 0.0437 1
0.0101 0.1104 0.0099 0.1102 1
0.0427 0.1104 0.0425 0.1102 1
0.0772 0.1472 0.0770 0.1470 1
0.0694 0.1665 0.0692 0.1663 1
0.1238 0.0526 0.1236 0.0524 1
0.0001 0.1052 -0.0001 0.1050 1
0.0349 0.1087 0.0347 0.1085 1
0.0779 0.1087 0.0777 0.1085 1
0.0560 0.0982 0.0558 0.0980 1
0.0145 0.1174 0.0143 0.1172 1
0.0427 0.1735 0.0425 0.1733 1
0.0001 0.0001 -0.0001 -0.0001 1
0.0001 0.0001 -0.0001 -0.0001 1
0.1027 0.0124 0.1025 0.0122 1
0.0357 0.0001 0.0355 -0.0001 1
0.0427 0.1857 0.0425 0.1855 1
0.0316 0.0596 0.0314 0.0594 1
0.0538 0.1367 0.0536 0.1365 1
0.0434 0.0001 0.0432 -0.0001 1
0.2302 0.2278 0.2300 0.2276 1
0.0761 0.0001 0.0759 -0.0001 1
0.0001 0.0001 -0.0001 -0.0001 1
0.1839 0.0001 0.1837 -0.0001 1
0.0572 0.0807 0.0570 0.0805 1
0.0560 0.0001 0.0558 -0.0001 1
0.0157 0.0964 0.0155 0.0962 1
0.0568 0.1262 0.0566 0.1260 1
0.4725 0.0999 0.4723 0.0997 1
0.0523 0.2716 0.0521 0.2714 1
0.0275 0.0631 0.0273 0.0629 1
0.1331 0.1157 0.1329 0.1155 1
0.0449 0.2313 0.0447 0.2311 1
0.1279 0.0649 0.1277 0.0647 1
0.0001 0.0001 -0.0001 -0.0001 1
0.0983 0.0649 0.0981 0.0647 1
0.0672 0.0001 0.0670 -0.0001 1
0.0001 0.0001 -0.0001 -0.0001 1
0.1072 0.1052 0.1070 0.1050 1
0.0283 0.1052 0.0281 0.1050 1
0.0045 0.0596 0.0043 0.0594 1
0.0672 0.0001 0.0670 -0.0001 1
0.0894 0.0842 0.0892 0.0840 1
0.0305 0.1455 0.0303 0.1453 1
0.1205 0.0001 0.1203 -0.0001 1
0.0001 0.0001 -0.0001 -0.0001 1
0.0672 0.1262 0.0670 0.1260 1
0.0475 0.0001 0.0473 -0.0001 1
0.0127 0.1052 0.0125 0.1050 1
0.0483 0.0001 0.0481 -0.0001 1
0.0305 0.0439 0.0303 0.0437 1
0.0690 0.0001 0.0688 -0.0001 1
0.0527 0.0001 0.0525 -0.0001 1
0.0564 0.0596 0.0562 0.0594 1
0.1872 0.6096 0.1870 0.6094 1
0.0579 0.1910 0.0577 0.1908 1
0.1553 0.0631 0.1551 0.0629 1
0.0449 0.1157 0.0447 0.1155 1
0.0216 0.0824 0.0214 0.0822 1
0.0535 0.3013 0.0533 0.3011 1
0.0383 0.0947 0.0381 0.0945 1
0.0842 0.0281 0.0840 0.0279 1
0.0216 0.0772 0.0214 0.0770 1
0.0120 0.0001 0.0118 -0.0001 1
0.0723 0.1017 0.0721 0.1015 1
0.0001 0.0001 -0.0001 -0.0001 1
0.0001 0.0001 -0.0001 -0.0001 1
0.0331 0.1157 0.0329 0.1155 1
0.0668 0.1735 0.0666 0.1733 1
0.0560 0.2523 0.0558 0.2521 1
0.0353 0.1472 0.0351 0.1470 1
0.0090 0.1262 0.0088 0.1260 1
0.0153 0.0789 0.0151 0.0787 1
0.0316 0.0001 0.0314 -0.0001 1
0.0316 0.1052 0.0314 0.1050 1
0.0001 0.0001 -0.0001 -0.0001 1
0.0964 0.3048 0.0962 0.3046 1
0.0486 0.0631 0.0484 0.0629 1
0.1031 0.0737 0.1029 0.0735 1
0.0920 0.1367 0.0918 0.1365 1
0.0820 0.0001 0.0818 -0.0001 1
0.0286 0.0789 0.0284 0.0787 1
0.0746 0.0807 0.0744 0.0805 1
0.3339 0.0631 0.3337 0.0629 1
0.0501 0.1034 0.0499 0.1032 1
0.1887 0.0947 0.1885 0.0945 1
0.0686 0.0001 0.0684 -0.0001 1
0.0357 0.0001 0.0355 -0.0001 1
0.0846 0.0001 0.0844 -0.0001 1
0.0853 0.3644 0.0851 0.3642 1
0.0190 0.1017 0.0188 0.1015 1
0.0416 0.2453 0.0414 0.2451 1
0.0375 0.1052 0.0373 0.1050 1
0.0638 0.0842 0.0636 0.0840 1
0.2220 0.0001 0.2218 -0.0001 1
0.0231 0.1052 0.0229 0.1050 1
0.0998 0.0001 0.0996 -0.0001 1
0.0557 0.0001 0.0555 -0.0001 1
0.0168 0.0912 0.0166 0.0910 1
0.0153 0.2505 0.0151 0.2503 1
0.1879 0.0001 0.1877 -0.0001 1
0.0001 0.0001 -0.0001 -0.0001 1
0.0827 0.0001 0.0825 -0.0001 1
0.0145 0.0824 0.0143 0.0822 1
0.0457 0.1017 0.0455 0.1015 1
0.0423 0.1017 0.0421 0.1015 1
0.0075 0.0001 0.0073 -0.0001 1
0.0668 0.0999 0.0666 0.0997 1
0.0590 0.0666 0.0588 0.0664 1
0.1042 0.1192 0.1040 0.1190 1
0.0649 0.1525 0.0647 0.1523 1
0.0783 0.0281 0.0781 0.0279 1
0.2031 0.1472 0.2029 0.1470 1
0.0786 0.0807 0.0784 0.0805 1
0.0379 0.1314 0.0377 0.1312 1
0.0001 0.0001 -0.0001 -0.0001 1
0.0001 0.0842 -0.0001 0.0840 1
0.0853 0.0001 0.0851 -0.0001 1
0.0464 0.1892 0.0462 0.1890 1
0.0405 0.1279 0.0403 0.1277 1
0.0197 0.1490 0.0195 0.1488 1
0.0609 0.2313 0.0607 0.2311 1
0.1594 0.0001 0.1592 -0.0001 1
0.0112 0.0999 0.0110 0.0997 1
0.0001 0.0001 -0.0001 -0.0001 1
0.0001 0.1752 -0.0001 0.1750 1
0.0071 0.1262 0.0069 0.1260 1
0.0297 0.1770 0.0295 0.1768 1
0.0108 0.0719 0.0106 0.0717 1
0.0390 0.1805 0.0388 0.1803 1
0.0001 0.0807 -0.0001 0.0805 1
0.0138 0.0596 0.0136 0.0594 1
0.0686 0.0001 0.0684 -0.0001 1
0.0231 0.1227 0.0229 0.1225 1
0.1057 0.1052 0.1055 0.1050 1
0.1053 0.3364 0.1051 0.3362 1
0.0635 0.2033 0.0633 0.2031 1
0.0390 0.1069 0.0388 0.1067 1
0.0520 0.0807 0.0518 0.0805 1
0.0242 0.0649 0.0240 0.0647 1
0.2335 0.0001 0.2333 -0.0001 1
0.0779 0.0842 0.0777 0.0840 1
0.1739 0.2103 0.1737 0.2101 1
0.0249 0.2453 0.0247 0.2451 1
0.0260 0.0824 0.0258 0.0822 1
0.0453 0.1174 0.0451 0.1172 1
0.0112 0.2050 0.0110 0.2048 1
0.0757 0.0001 0.0755 -0.0001 1
0.1479 0.0001 0.1477 -0.0001 1
0.0149 0.1279 0.0147 0.1277 1
0.0464 0.0859 0.0462 0.0857 1
0.0457 0.1717 0.0455 0.1715 1
0.0131 0.2523 0.0129 0.2521 1
0.0372 0.0544 0.0370 0.0542 1
0.0183 0.0001 0.0181 -0.0001 1
0.0812 0.1665 0.0810 0.1663 1
0.1027 0.0789 0.1025 0.0787 1
0.0579 0.0859 0.0577 0.0857 1
0.0383 0.0982 0.0381 0.0980 1
0.0683 0.0877 0.0681 0.0875 1
0.0242 0.0421 0.0240 0.0419 1
0.0553 0.0684 0.0551 0.0682 1
0.1276 0.0001 0.1274 -0.0001 1
0.0568 0.0001 0.0566 -0.0001 1
0.1705 0.0001 0.1703 -0.0001 1
0.0583 0.1682 0.0581 0.1680 1
0.1350 0.1017 0.1348 0.1015 1
0.0357 0.0001 0.0355 -0.0001 1
0.0001 0.0001 -0.0001 -0.0001 1
0.0145 0.1034 0.0143 0.1032 1
0.0064 0.1017 0.0062 0.1015 1
0.0987 0.0001 0.0985 -0.0001 1
0.0338 0.0001 0.0336 -0.0001 1
0.1046 0.0001 0.1044 -0.0001 1
0.0605 0.1682 0.0603 0.1680 1
0.0205 0.0001 0.0203 -0.0001 1
0.0242 0.0807 0.0240 0.0805 1
0.0001 0.0001 -0.0001 -0.0001 1
0.0809 0.1297 0.0807 0.1295 1
0.0001 0.0001 -0.0001 -0.0001 1
0.0679 0.0596 0.0677 0.0594 1
0.1565 0.0001 0.1563 -0.0001 1
0.0434 0.1279 0.0432 0.1277 1
0.0990 0.0631 0.0988 0.0629 1
0.0809 0.1332 0.0807 0.1330 1
0.0231 0.0859 0.0229 0.0857 1
0.0783 0.1262 0.0781 0.1260 1
0.0735 0.0001 0.0733 -0.0001 1
0.1161 0.0719 0.1159 0.0717 1
0.0861 0.1262 0.0859 0.1260 1
0.0257 0.1244 0.0255 0.1242 1
0.0416 0.1262 0.0414 0.1260 1
0.0157 0.1209 0.0155 0.1207 1
0.0001 0.0001 -0.0001 -0.0001 1
0.0775 0.0789 0.0773 0.0787 1
0.0383 0.1244 0.0381 0.1242 1
0.1038 0.0999 0.1036 0.0997 1
0.0249 0.1490 0.0247 0.1488 1
0.0271 0.3153 0.0269 0.3151 1
0.0442 0.0631 0.0440 0.0629 1
0.0490 0.0001 0.0488 -0.0001 1
0.0357 0.0001 0.0355 -0.0001 1
0.0001 0.0001 -0.0001 -0.0001 1
0.0416 0.1104 0.0414 0.1102 1
0.0698 0.1612 0.0696 0.1610 1
0.0375 0.0964 0.0373 0.0962 1
0.0720 0.0001 0.0718 -0.0001 1
0.0134 0.0999 0.0132 0.0997 1
0.1472 0.0631 0.1470 0.0629 1
0.0705 0.0001 0.0703 -0.0001 1
0.0283 0.0982 0.0281 0.0980 1
0.0753 0.0001 0.0751 -0.0001 1
0.0190 0.0912 0.0188 0.0910 1
0.0094 0.1227 0.0092 0.1225 1
0.1405 0.1525 0.1403 0.1523 1
0.0283 0.1682 0.0281 0.1680 1
0.0320 0.1262 0.0318 0.1260 1
0.1639 0.6253 0.1637 0.6251 1
0.0001 0.0001 -0.0001 -0.0001 1
